NDB_No	Nutr_No	Flav_Val (mg Per 100g)
1103	749	0.82
1103	750	0
1103	751	0.26
1103	752	0
1103	753	0
1103	770	0
1103	773	0
1103	786	0
1103	788	0.05
1103	789	0.12
1103	794	0
2007	770	78.65
2007	773	762.4
2023	762	0
2023	770	3.5
2023	773	0
2023	786	0
2023	789	0
2029	770	4503.5
2029	773	19.75
2029	785	331.24
2029	786	0
2029	789	0
2037	786	205.48
2044	759	0
2044	770	0
2044	773	0
2044	785	0
2044	786	0
2044	789	0
2045	759	0
2045	770	0
2045	773	0
2045	785	43.5
2045	786	13.33
2045	788	0.7
2045	789	55.15
2049	759	0
2049	762	0
2049	770	2.5
2049	773	45.25
2049	785	0
2049	786	0
2049	789	0
2054	786	131.34
2054	789	172.55
2063	759	0
2063	762	24.86
2063	770	0.55
2063	773	2
2063	785	0
2063	786	0
2063	789	0
2064	758	30.92
2064	759	10.16
2064	770	5.39
2064	773	12.66
2064	785	0
2064	786	0
2064	789	0
4053	770	0.09
4053	773	0.12
6159	786	0
6159	789	0.14
6931	786	0.01
6931	789	0.91
9001	731	15.71
9001	743	6.84
9001	770	0
9001	773	0
9001	786	1.05
9001	788	0
9001	789	4.74
9003	731	1.57
9003	740	0
9003	741	0
9003	742	0
9003	743	0
9003	745	0.02
9003	749	1.3
9003	750	0.26
9003	751	7.53
9003	752	0.01
9003	753	0.19
9003	759	0
9003	762	0
9003	770	0
9003	773	0.12
9003	786	0.14
9003	788	0
9003	789	4.01
9003	794	0
9004	731	2.17
9004	740	0
9004	741	0.01
9004	742	0
9004	743	0.01
9004	745	0
9004	749	1.23
9004	750	0.14
9004	751	6.25
9004	752	0
9004	753	0.03
9004	759	0
9004	762	0
9004	770	0
9004	773	0.01
9004	786	0.01
9004	788	0.01
9004	789	1.05
9004	794	0
9016	731	0.02
9016	749	1.25
9016	750	0
9016	751	4.71
9016	752	0
9016	753	0
9016	758	0
9016	759	0
9016	762	0
9016	770	0
9016	773	0
9016	786	0
9016	788	0.01
9016	789	0.58
9016	794	0
9019	749	0.69
9019	750	0
9019	751	5.41
9019	752	0
9019	753	0
9019	770	0
9019	773	0
9019	786	0
9019	788	0
9019	789	2
9019	794	0
9021	749	3.67
9021	750	0
9021	751	4.74
9021	752	0
9021	753	0
9021	770	0
9021	773	0
9021	786	0.63
9021	788	0
9021	789	1.63
9021	794	0
9023	770	0
9023	773	0
9023	786	0
9023	788	0
9023	789	0
9037	731	0.33
9037	740	0
9037	741	0
9037	742	0
9037	743	0
9037	745	0
9037	749	0
9037	750	0
9037	751	0.37
9037	752	0
9037	753	0.15
9037	759	0
9037	762	0
9037	770	0
9037	773	0
9037	786	0
9037	788	0
9037	789	0
9037	794	0
9040	731	0
9040	740	0
9040	741	0
9040	742	0
9040	743	0
9040	745	0
9040	749	6.1
9040	750	0
9040	751	0.02
9040	752	0
9040	753	0
9040	759	0
9040	762	0
9040	770	0
9040	773	0
9040	786	0.11
9040	788	0.01
9040	789	0.06
9040	794	0
9042	731	99.95
9042	740	0
9042	741	0
9042	742	0
9042	743	0.45
9042	745	0.21
9042	749	37.06
9042	750	0.1
9042	751	4.66
9042	752	0
9042	753	0.68
9042	759	0
9042	762	0
9042	770	0
9042	773	0
9042	786	0.27
9042	788	0.67
9042	789	3.58
9042	794	0
9050	731	8.46
9050	740	31.53
9050	741	35.43
9050	742	67.59
9050	743	0
9050	745	20.29
9050	749	5.29
9050	750	0.66
9050	751	0.62
9050	752	0
9050	753	0
9050	759	0
9050	762	0
9050	770	0
9050	773	0.2
9050	786	1.66
9050	788	1.3
9050	789	7.67
9050	794	0.12
9054	731	4.36
9054	740	18.16
9054	741	21.59
9054	742	49.65
9054	743	0.02
9054	745	0.47
9054	770	0.01
9054	773	1.8
9054	786	1.1
9054	788	1.76
9054	789	4.64
9063	731	32.57
9063	745	0.87
9063	749	0.3
9063	751	3.83
9063	770	0
9063	773	0
9063	785	0.72
9063	786	0.24
9063	788	0
9063	789	1.47
9068	731	10.13
9068	743	0
9068	745	1.11
9068	785	2.64
9068	786	0.15
9068	789	0.13
9070	731	30.21
9070	740	0
9070	741	0
9070	742	0
9070	743	0.27
9070	745	1.5
9070	749	4.36
9070	750	0.34
9070	751	5
9070	752	0.05
9070	753	0
9070	759	0
9070	762	0
9070	770	0
9070	773	0
9070	785	0.05
9070	786	0.24
9070	788	0.05
9070	789	2.29
9070	794	0
9078	731	46.43
9078	740	0
9078	741	7.67
9078	742	0.44
9078	743	0.32
9078	745	49.16
9078	749	0.39
9078	750	0.74
9078	751	4.37
9078	752	0
9078	753	0.97
9078	759	0
9078	762	0
9078	770	0
9078	786	0.12
9078	788	6.63
9078	789	14.84
9078	794	0
9079	731	0.6
9079	741	0.1
9079	743	0.02
9079	770	0.01
9079	773	0.02
9079	786	0.01
9079	788	2.4
9079	789	4.5
9081	731	0.1
9081	741	0.02
9081	743	0.02
9081	770	0.01
9081	773	0.02
9081	786	0.01
9081	788	2.7
9081	789	2.4
9083	731	62.46
9083	740	3.87
9083	741	89.62
9083	743	1.17
9083	745	0.66
9083	749	0.7
9083	750	0
9083	751	0.47
9083	752	0
9083	753	0
9083	770	0
9083	773	0
9083	785	0.12
9083	786	0.71
9083	788	6.18
9083	789	4.45
9083	794	0
9086	749	0.58
9086	750	0
9086	751	5.63
9086	752	0.04
9086	753	0
9086	794	0
9087	731	1.7
9087	740	0
9087	741	0
9087	742	0
9087	743	0
9087	745	0
9087	749	0
9087	750	0
9087	751	0
9087	752	0
9087	753	0
9087	759	0
9087	762	0
9087	770	0
9087	773	0
9087	788	0
9087	789	0.93
9087	794	0
9088	731	485.26
9088	740	0
9088	741	0
9088	743	0.02
9088	785	5.42
9088	786	0.58
9088	789	26.77
9089	731	0.5
9089	740	0
9089	741	0
9089	742	0
9089	743	0.01
9089	745	0
9089	749	1.59
9089	750	0
9089	751	0.5
9089	752	0
9089	753	0
9089	759	0
9089	762	0
9089	770	0
9089	773	0
9089	786	0
9089	788	0
9089	789	5.47
9089	794	0
9107	731	8.73
9107	741	0.01
9107	745	0.77
9107	749	1.67
9107	750	0
9107	751	0
9107	752	0
9107	753	0
9107	770	0
9107	773	0
9107	786	0.88
9107	788	0
9107	789	1.23
9107	794	0.44
9112	731	0
9112	740	0
9112	741	0
9112	742	0
9112	743	0
9112	745	0
9112	749	0
9112	750	0
9112	751	0
9112	752	0
9112	753	0
9112	759	0.35
9112	762	32.64
9112	770	0
9112	773	0.6
9112	786	0.01
9112	788	0.01
9112	789	0.33
9112	794	0
9116	759	0.64
9116	762	21.34
9116	770	0
9116	773	0
9116	786	0
9116	788	0
9116	789	0
9123	731	0
9123	758	0.16
9123	759	0.81
9123	762	18.01
9123	789	0.36
9126	762	31.18
9128	758	0.65
9128	759	2.35
9128	762	18.23
9128	770	0
9128	773	0
9128	786	0
9128	788	0.05
9128	789	0.4
9135	731	0.89
9135	740	1.02
9135	741	1.92
9135	742	11.17
9135	743	0.02
9135	745	1.06
9135	749	0.82
9135	751	0.56
9135	770	0.01
9135	773	0.01
9135	786	0.01
9135	788	0.7
9135	789	0.72
9146	749	3.21
9146	751	0.31
9146	789	1.26
9148	731	0
9148	740	0
9148	741	0
9148	742	0
9148	743	0
9148	745	0
9148	749	0
9148	750	0
9148	751	0.27
9148	752	0.01
9148	753	0.09
9148	759	0
9148	762	0
9148	770	0
9148	773	0.74
9148	786	1.03
9148	788	0
9148	789	0.04
9148	794	0
9149	762	57.39
9149	770	21.87
9150	758	21.36
9150	759	27.9
9150	762	0.55
9150	770	0
9150	773	1.9
9150	786	0.03
9150	788	0.5
9150	789	1.14
9152	749	0
9152	758	4.88
9152	759	14.47
9152	762	1.38
9152	770	0
9152	773	0
9152	786	0
9152	788	0.02
9152	789	0.37
9153	758	10.56
9153	759	13.43
9153	762	0
9153	773	1.83
9153	789	0
9159	759	43
9159	762	3.4
9159	789	0.4
9160	758	2.19
9160	759	8.97
9160	762	0.38
9160	770	0
9160	789	0.51
9176	731	0.1
9176	741	0.02
9176	743	0.02
9176	749	1.72
9176	750	0
9176	751	0
9176	752	0
9176	753	0
9176	770	0.01
9176	773	0.02
9176	786	0.05
9176	788	0.06
9176	789	0
9176	794	0
9181	731	0
9181	740	0
9181	741	0
9181	742	0
9181	743	0
9181	745	0
9181	749	0
9181	750	0
9181	751	0
9181	752	0
9181	753	0
9181	759	0
9181	762	0
9181	770	0
9181	773	0.64
9181	786	0.07
9181	788	0
9181	789	0.01
9181	794	0
9184	731	0
9184	740	0
9184	741	0
9184	742	0
9184	743	0
9184	745	0
9184	749	0
9184	750	0.04
9184	751	0.01
9184	752	0
9184	753	0
9184	759	0
9184	762	0
9184	770	0
9184	773	0
9184	788	0
9184	789	0
9184	794	0
9190	770	0
9190	773	0
9190	786	0
9190	789	2.47
9191	731	2.13
9191	740	0
9191	741	0
9191	742	0
9191	743	0
9191	745	0
9191	749	2.98
9191	750	0
9191	751	2.54
9191	752	0
9191	753	0
9191	759	0
9191	762	0
9191	770	0
9191	773	0
9191	788	0
9191	789	0.69
9191	794	0
9193	773	2.8
9195	749	0
9195	750	0
9195	751	0
9195	752	0
9195	753	0
9195	773	0.56
9195	794	0
9200	749	0
9200	750	0
9200	751	0
9200	752	0
9200	753	0
9200	759	27.25
9200	762	15.32
9200	770	0
9200	773	0.19
9200	786	0.13
9200	788	0.15
9200	789	0.45
9200	794	0
9202	731	0
9202	740	0
9202	741	0
9202	742	0
9202	743	0
9202	745	0
9202	749	0
9202	750	0
9202	751	0
9202	753	0
9202	759	21.87
9202	762	7.1
9202	770	0
9202	773	0.7
9202	786	0.01
9202	788	0.01
9202	789	0.2
9202	794	0
9206	731	0
9206	758	0.17
9206	759	11.95
9206	762	2.14
9206	770	0
9206	773	0
9206	786	0
9206	788	0.05
9206	789	0.25
9209	731	0
9209	758	0.05
9209	759	16.38
9209	762	2.56
9209	789	0.4
9215	759	26.21
9215	762	3.27
9218	759	7.94
9218	762	10.02
9218	770	0
9218	773	0
9218	786	0
9218	788	0
9218	789	0
9221	758	0.02
9221	759	17.11
9221	762	1.37
9221	770	0
9221	773	0
9221	786	0
9221	789	0.29
9225	759	22.01
9225	762	3.61
9225	786	0
9225	788	0.11
9225	789	0
9226	770	0.01
9226	773	0.02
9226	786	0.01
9226	788	0.02
9226	789	0
9236	731	1.92
9236	740	0
9236	741	0
9236	742	0
9236	743	0
9236	745	0
9236	749	4.92
9236	750	1.04
9236	751	2.34
9236	752	0
9236	753	0.3
9236	759	0
9236	762	0
9236	770	0
9236	773	0
9236	786	0.22
9236	788	0
9236	789	0.66
9236	794	0
9252	731	2.06
9252	740	0
9252	741	0
9252	742	0
9252	743	0
9252	745	0
9252	749	0.27
9252	750	0.59
9252	751	3.76
9252	752	0.02
9252	753	0.17
9252	759	0
9252	762	0
9252	770	0
9252	773	0
9252	785	0.3
9252	786	0
9252	788	0
9252	789	0.84
9252	794	0
9266	731	0
9266	740	0
9266	741	0
9266	742	0
9266	743	0
9266	745	0
9266	749	0
9266	750	0
9266	751	0
9266	752	0
9266	753	0
9266	759	0
9266	762	0
9266	770	0
9266	773	0.01
9266	786	0
9266	788	0.01
9266	789	0.14
9266	794	0
9273	789	0
9276	770	0
9276	773	0
9276	786	0.4
9276	788	3.36
9276	789	5.8
9279	731	5.63
9279	740	0
9279	741	0
9279	742	0
9279	743	0
9279	745	0.31
9279	749	2.89
9279	750	0.24
9279	751	3.2
9279	752	0.76
9279	753	0.4
9279	759	0
9279	762	0
9279	770	0
9279	773	0
9279	786	0
9279	788	0
9279	789	0.9
9279	794	0.09
9286	749	0.4
9286	750	0.16
9286	751	0.08
9286	752	0
9286	753	0
9286	770	0
9286	773	0
9286	786	0
9286	788	0
9286	789	0
9286	794	0.17
9287	785	0.65
9287	786	0.18
9287	789	4.86
9291	731	0.71
9291	740	0
9291	741	0.04
9291	742	0
9291	743	0
9291	745	0
9291	749	0
9291	750	0
9291	751	0
9291	752	0
9291	753	0
9291	759	0
9291	762	0
9291	770	0
9291	773	0.01
9291	786	0.01
9291	788	0.01
9291	789	1.8
9291	794	0
9295	759	8.4
9295	762	24.72
9296	749	0.75
9296	750	0
9296	751	0.67
9296	752	0
9296	753	0
9296	770	0
9296	773	0
9296	786	0
9296	788	0
9296	789	0
9296	794	0
9297	786	2.71
9297	789	2.4
9298	731	0.03
9298	740	0
9298	741	0.01
9298	742	0
9298	743	0.01
9298	745	0
9298	749	0.42
9298	750	0
9298	751	0.1
9298	752	0
9298	753	0
9298	759	0
9298	762	0
9298	770	0
9298	773	0.01
9298	786	0.01
9298	788	0.01
9298	789	0.25
9298	794	0
9302	731	45.77
9302	740	0.31
9302	741	1.32
9302	742	0.13
9302	743	0.98
9302	745	0.12
9302	749	1.31
9302	750	0.46
9302	751	3.52
9302	752	0
9302	753	0.54
9302	759	0
9302	762	0
9302	770	0
9302	773	0
9302	785	0
9302	786	0.06
9302	788	0
9302	789	1.05
9302	794	0
9307	749	2.17
9307	750	0
9307	751	0.51
9307	752	0.6
9307	753	0
9307	794	0
9315	786	0
9315	788	0
9315	789	0
9316	731	1.68
9316	740	0.11
9316	741	0.31
9316	742	0.01
9316	743	24.85
9316	745	0.05
9316	749	3.11
9316	750	0.78
9316	751	0.42
9316	752	0.15
9316	753	0.11
9316	759	0
9316	762	0.26
9316	770	0
9316	773	0
9316	785	0
9316	786	0.5
9316	788	0.04
9316	789	1.11
9316	794	0.03
9318	731	1.27
9318	741	0.02
9318	743	19.32
9318	770	0.01
9318	773	0.02
9318	786	0.49
9318	788	0.35
9318	789	0.46
9326	731	0
9326	740	0
9326	741	0
9326	742	0
9326	743	0
9326	745	0
9326	749	0
9326	750	0
9326	751	0
9326	752	0
9326	753	0
9326	759	0
9326	762	0
9326	770	0
9326	773	0.46
9326	786	0.45
9326	788	0
9326	789	0
9326	794	0
9370	749	1.87
9370	750	0
9370	751	0
9370	752	0
9370	753	0
9370	770	0
9370	773	0
9370	786	0
9370	788	0
9370	789	0
9370	794	0
9404	758	0
9404	759	0.78
9404	762	17.19
9404	770	0
9404	789	0
9430	731	0
9430	740	0
9430	741	0
9430	742	0
9430	743	0
9430	745	0
9430	749	0
9430	750	0
9430	751	0
9430	752	0
9430	753	0
9430	759	0
9430	762	0
9430	770	0
9430	773	0
9430	788	0
9430	789	0
9430	794	0
9442	731	2.4
9442	740	0
9442	741	0.81
9442	742	0
9442	743	0.09
9442	745	0
9442	751	0
9442	788	0
9442	789	1.11
9445	731	0
9445	740	0
9445	741	0
9445	742	0
9445	743	0
9445	745	0
9445	749	0
9445	750	0
9445	751	0.64
9445	752	0
9445	753	0
9445	759	0
9445	762	0
9445	770	0
9445	773	0
9445	788	0
9445	789	0
9445	794	0
9500	731	4.91
9500	740	0
9500	741	0.01
9500	742	0
9500	743	0.01
9500	745	0.07
9500	749	2
9500	750	0.37
9500	751	9.83
9500	752	0
9500	753	0.13
9500	759	0
9500	762	0
9500	770	0
9500	773	0.01
9500	788	0.01
9500	789	3.86
9500	794	0
9501	731	0
9501	740	0
9501	741	0
9501	742	0
9501	743	0
9501	745	0
9501	749	0.59
9501	750	0.35
9501	751	5.51
9501	752	0
9501	753	0.19
9501	759	0
9501	762	0
9501	770	0
9501	773	0
9501	788	0
9501	789	3.69
9501	794	0
9502	740	0
9502	741	0
9502	742	0
9502	743	0
9502	745	0
9502	749	1.87
9502	750	0.71
9502	751	7.11
9502	752	0.01
9502	753	0.24
9502	759	0
9502	762	0
9502	770	0
9502	773	0
9502	786	0
9502	788	0
9502	789	2.54
9502	794	0
9503	731	1.22
9503	740	0
9503	741	0
9503	742	0
9503	743	0
9503	745	0
9503	749	1.39
9503	750	0.67
9503	751	6.04
9503	752	0
9503	753	0.11
9503	759	0
9503	762	0
9503	770	0
9503	773	0
9503	786	0
9503	788	0
9503	789	3.8
9503	794	0
9504	731	0.79
9504	740	0
9504	741	0.01
9504	742	0
9504	743	0.01
9504	745	0
9504	749	0.75
9504	750	1.14
9504	751	5.55
9504	752	0
9504	753	1.93
9504	759	0
9504	762	0
9504	770	0
9504	773	0.01
9504	788	0.01
9504	789	2.35
9504	794	0
11001	770	0
11001	773	0
11001	786	0
11001	788	0
11001	789	1.7
11004	785	0
11004	786	0
11004	788	0.55
11004	789	0.88
11006	785	0
11006	786	0
11006	788	0
11006	789	0
11007	762	12.5
11007	770	7.48
11007	773	2.3
11011	785	5.7
11011	786	1.39
11011	788	0
11011	789	13.98
11012	789	15.16
11025	785	0
11025	786	0
11025	788	0
11025	789	0
11031	785	0
11031	786	0
11031	789	0
11043	773	0
11043	786	0.33
11043	788	0
11043	789	0.15
11052	749	0
11052	750	0
11052	751	0
11052	752	0
11052	753	0
11052	770	0
11052	773	0.13
11052	786	0.45
11052	788	0.13
11052	789	2.73
11052	794	0
11053	731	0.02
11053	741	0.02
11053	743	0.02
11053	786	0
11053	788	0.08
11053	789	2.84
11056	770	0
11056	773	0
11056	786	0.02
11056	788	0
11056	789	1.49
11060	786	0.24
11060	789	1.3
11061	786	0.26
11061	789	1.25
11080	749	0
11080	750	0
11080	751	0
11080	752	0
11080	753	0
11080	770	0
11080	773	0.37
11080	786	0
11080	788	0
11080	789	0.13
11080	794	0
11088	749	14.29
11088	750	15.47
11088	751	28.96
11088	752	0
11088	753	0
11088	770	0
11088	773	0
11088	786	0
11088	788	2.6
11088	789	2
11088	794	4.15
11089	749	8.16
11089	750	4.65
11089	751	7.82
11089	752	0
11089	753	0
11089	794	0
11090	731	0
11090	740	0
11090	741	0
11090	742	0
11090	743	0
11090	745	0
11090	749	0
11090	750	0
11090	751	0
11090	752	0
11090	753	0
11090	759	0
11090	762	0
11090	770	0
11090	773	0.8
11090	786	7.84
11090	788	0.06
11090	789	3.26
11090	794	0
11091	731	0
11091	740	0
11091	741	0
11091	742	0
11091	743	0
11091	745	0
11091	749	0
11091	750	0
11091	751	0
11091	752	0
11091	753	0
11091	759	0
11091	762	0
11091	770	0
11091	773	0
11091	786	1.06
11091	788	0
11091	789	1.33
11091	794	0
11092	786	2.49
11092	789	2.4
11096	731	0
11096	740	0
11096	741	0
11096	742	0
11096	743	0
11096	745	0
11096	749	0
11096	750	0
11096	751	0
11096	752	0
11096	753	0
11096	759	0
11096	762	0
11096	770	0
11096	773	0
11096	788	0
11096	789	2.25
11096	794	0
11097	731	0
11097	740	0
11097	741	0
11097	742	0
11097	743	0
11097	745	0
11097	749	0
11097	750	0
11097	751	0
11097	752	0
11097	753	0
11097	759	0
11097	762	0
11097	770	0
11097	773	0
11097	788	0
11097	789	1.05
11097	794	0
11098	749	0
11098	750	0
11098	751	0
11098	752	0
11098	753	0
11098	762	3.29
11098	770	0
11098	773	0.33
11098	786	0.86
11098	788	0
11098	789	1.92
11098	794	0
11099	762	1.94
11099	773	0.5
11099	786	0.91
11099	789	4.33
11109	770	0.08
11109	773	0.1
11109	786	0.18
11109	788	0
11109	789	0.28
11110	770	0.01
11110	773	0.02
11110	786	0.01
11110	788	0.03
11110	789	0.01
11112	731	209.83
11112	741	0.1
11112	743	0.02
11112	749	0
11112	750	0
11112	751	0
11112	752	0
11112	753	0
11112	770	0.06
11112	773	0.1
11112	786	0
11112	788	0.2
11112	789	0.36
11112	794	0
11113	731	39.22
11113	745	0.16
11114	770	0.69
11114	773	0.18
11114	786	0.79
11114	788	0.08
11114	789	0.36
11115	785	0
11115	786	0
11115	788	0
11115	789	0
11116	749	0
11116	750	0
11116	751	0
11116	752	0
11116	753	0
11116	770	0.24
11116	773	0.09
11116	786	4.33
11116	788	0.03
11116	789	2.06
11116	794	0
11117	731	0.02
11117	741	0.02
11117	743	0.02
11117	770	0.01
11117	773	0.02
11117	785	0.16
11117	786	1.52
11117	788	0.01
11117	789	0.19
11119	770	0.01
11119	773	0.02
11119	786	0.1
11119	788	0.03
11119	789	0.01
11124	749	0
11124	750	0
11124	751	0
11124	752	0
11124	753	0
11124	770	0
11124	773	0.11
11124	785	0
11124	786	0.24
11124	788	0.04
11124	789	0.21
11124	794	0
11125	785	0
11125	786	0
11125	788	0
11125	789	0
11128	770	0
11128	773	0
11128	786	0
11128	788	0
11128	789	0
11135	749	0
11135	750	0
11135	751	0
11135	752	0
11135	753	0
11135	770	0.03
11135	773	0.09
11135	786	0.36
11135	788	0
11135	789	0.54
11135	794	0
11136	773	0.27
11136	786	0.51
11136	789	0.36
11137	773	0.29
11137	786	0.32
11137	789	0.53
11138	773	0.24
11138	786	0.39
11138	789	0.19
11141	770	2.41
11141	773	0
11141	786	0
11141	788	0
11141	789	0.18
11143	731	0
11143	740	0
11143	741	0
11143	742	0
11143	743	0
11143	745	0
11143	749	0
11143	750	0
11143	751	0
11143	752	0
11143	753	0
11143	759	0
11143	762	0
11143	770	2.85
11143	773	1.05
11143	786	0.22
11143	788	0
11143	789	0.39
11143	794	0
11147	749	1.5
11147	786	5.8
11147	788	3.1
11147	789	2.2
11152	731	0
11152	749	0
11152	750	0
11152	751	0
11152	752	0
11152	753	0
11152	770	0.77
11152	773	2.08
11152	786	2.45
11152	788	0
11152	789	6.49
11152	794	0
11156	759	0
11156	770	0
11156	773	0.15
11156	785	6.75
11156	786	10
11156	788	0
11156	789	4.77
11161	770	0
11161	773	0.08
11161	785	0
11161	786	8.74
11161	789	2.57
11165	759	0
11165	770	0
11165	773	0
11165	785	0
11165	786	0
11165	789	52.9
11167	749	0
11167	750	0
11167	751	0
11167	752	0
11167	753	0
11167	794	0
11191	785	0
11191	786	0
11191	789	5.5
11200	731	1.1
11200	741	0.02
11200	743	0.02
11200	770	0.01
11200	773	0.02
11200	786	0.5
11200	788	0.03
11200	789	5.3
11203	759	0
11203	770	0
11203	773	0
11203	785	1
11203	786	13
11203	789	0
11204	785	0
11204	786	0
11204	788	0
11204	789	0
11205	749	0
11205	750	0
11205	751	0
11205	752	0
11205	753	0
11205	770	0
11205	773	0
11205	785	0
11205	786	0.13
11205	788	0
11205	789	0.04
11205	794	0
11209	741	85.69
11209	749	0
11209	750	0
11209	751	0
11209	752	0
11209	753	0
11209	773	0
11209	785	0
11209	786	0
11209	788	0
11209	789	0.04
11209	794	0
11213	749	0
11213	750	0
11213	751	0
11213	752	0
11213	753	0
11213	770	0
11213	773	0
11213	786	10.1
11213	788	0
11213	789	0
11213	794	0
11215	786	0.26
11215	788	1.61
11215	789	1.74
11220	770	0
11220	773	0.01
11220	786	0
11220	788	0.13
11220	789	0.03
11222	785	0.44
11222	786	5.95
11222	788	0
11222	789	16.65
11233	770	0
11233	773	0
11233	785	23.6
11233	786	46.8
11233	788	0
11233	789	22.58
11241	770	0
11241	773	1.3
11241	786	2.43
11241	788	0
11241	789	0.4
11246	749	0
11246	750	0
11246	751	0
11246	752	0
11246	753	0
11246	770	0
11246	773	0
11246	786	2.67
11246	788	0.22
11246	789	0.09
11246	794	0
11250	731	0
11250	740	0
11250	741	0
11250	742	0
11250	743	0
11250	745	0
11250	749	0
11250	750	0
11250	751	0
11250	752	0
11250	753	0
11250	759	0
11250	762	0
11250	770	0
11250	773	0
11250	786	0.02
11250	788	0
11250	789	2.73
11250	794	0
11251	731	0
11251	740	0
11251	741	0
11251	742	0
11251	743	0
11251	745	0
11251	749	0
11251	750	0
11251	751	0
11251	752	0
11251	753	0
11251	759	0
11251	762	0
11251	770	0
11251	773	0.05
11251	786	0.02
11251	788	0
11251	789	2.2
11251	794	0
11252	731	0
11252	740	0
11252	741	0
11252	742	0
11252	743	0
11252	745	0
11252	749	0
11252	750	0
11252	751	0
11252	752	0
11252	753	0
11252	759	0
11252	762	0
11252	770	0.13
11252	773	0.03
11252	786	0.15
11252	788	0.06
11252	789	1.42
11252	794	0
11253	731	0
11253	740	0
11253	741	0
11253	742	0
11253	743	0
11253	745	0
11253	749	0
11253	750	0
11253	751	0
11253	752	0
11253	753	0
11253	759	0
11253	762	0
11253	770	0.13
11253	773	0.26
11253	786	0.01
11253	788	0.07
11253	789	4.16
11253	794	0
11254	773	0.36
11254	786	0.76
11254	788	0.59
11254	789	0.44
11257	731	3.14
11257	740	0
11257	741	0
11257	742	0
11257	743	0
11257	745	0
11257	749	0
11257	750	0
11257	751	0
11257	752	0
11257	753	0
11257	759	0
11257	762	0
11257	770	0
11257	773	0.95
11257	786	0.02
11257	788	0
11257	789	7.61
11257	794	0
11260	749	0
11260	750	0
11260	751	0
11260	752	0
11260	753	0
11260	770	0
11260	773	0
11260	786	0
11260	788	0
11260	789	0
11260	794	0
11264	770	0
11264	773	0
11264	786	0
11264	788	0
11264	789	0
11270	785	16.2
11270	786	38.3
11270	789	8.8
11276	770	0
11276	786	15.75
11276	789	5.75
11278	785	0
11278	786	0
11278	789	20.97
11282	749	0
11282	750	0
11282	751	0
11282	752	0
11282	753	0
11282	770	0.01
11282	773	0.02
11282	785	5.01
11282	786	0.65
11282	788	0.03
11282	789	20.3
11282	794	0
11283	786	0.34
11283	789	24.36
11291	770	0
11291	773	0
11291	786	1.36
11291	788	0
11291	789	10.68
11292	770	0.01
11292	773	0.02
11292	785	0
11292	786	3.6
11292	788	0.03
11292	789	0
11293	786	24.95
11294	731	0
11294	740	0
11294	741	0
11294	742	0
11294	743	0
11294	745	0
11294	749	0
11294	750	0
11294	751	0
11294	752	0
11294	753	0.08
11294	759	0
11294	762	0
11294	770	0
11294	773	0.01
11294	786	1.14
11294	788	1.14
11294	789	14.52
11294	794	0
11297	759	0
11297	770	215.46
11297	773	1.09
11297	785	0
11297	786	1.49
11297	788	14.84
11297	789	0.28
11298	770	0
11298	773	0
11298	786	0
11298	788	0
11298	789	0.99
11300	749	0
11300	750	0
11300	751	0
11300	752	0
11300	753	0
11300	794	0
11304	749	0.01
11304	750	0
11304	751	0.01
11304	752	0
11304	753	0
11304	770	0
11304	773	0
11304	786	0
11304	788	0
11304	789	0
11304	794	0
11308	749	0
11308	750	0
11308	751	0
11308	752	0
11308	753	0
11308	770	0
11308	773	0
11308	786	0
11308	788	0
11308	789	0.11
11308	794	0
11312	786	0
11312	789	0.15
11313	731	0.03
11313	741	0.03
11313	743	0.02
11313	770	0.01
11313	773	0.4
11313	786	0.07
11313	788	0.03
11313	789	0.12
11333	731	0
11333	749	0
11333	750	0
11333	751	0
11333	752	0
11333	753	0
11333	770	0
11333	773	4.71
11333	786	0.06
11333	788	0
11333	789	2.21
11333	794	0
11352	731	0
11352	740	0
11352	741	0
11352	742	0
11352	743	0
11352	745	0
11352	749	0
11352	750	0
11352	751	0
11352	752	0
11352	753	0
11352	759	0
11352	762	0
11352	770	0
11352	773	0
11352	786	0.8
11352	788	0
11352	789	0.7
11352	794	0
11354	731	0
11354	740	0
11354	741	0
11354	742	0
11354	743	0
11354	745	0
11354	749	0
11354	750	0
11354	751	0
11354	752	0
11354	753	0
11354	759	0
11354	762	0
11354	770	0
11354	773	0
11354	788	0
11354	789	0.49
11354	794	0
11355	731	0
11355	740	0
11355	741	0
11355	742	0
11355	743	0
11355	745	0
11355	749	0
11355	750	0
11355	751	0
11355	752	0
11355	753	0
11355	759	0
11355	762	0
11355	770	0
11355	773	0
11355	788	0
11355	789	0.65
11355	794	0
11356	731	0
11356	740	0
11356	741	0
11356	742	0
11356	743	0
11356	745	0
11356	749	0
11356	750	0
11356	751	0
11356	752	0
11356	753	0
11356	759	0
11356	762	0
11356	770	0
11356	773	0
11356	788	0
11356	789	0.73
11356	794	0
11357	731	0
11357	740	0
11357	741	0
11357	742	0
11357	743	0
11357	745	0
11357	749	0
11357	750	0
11357	751	0
11357	752	0
11357	753	0
11357	759	0
11357	762	0
11357	770	0
11357	773	0
11357	788	0
11357	789	1.19
11357	794	0
11358	731	0
11358	740	0
11358	741	0
11358	742	0
11358	743	0
11358	745	0
11358	749	0
11358	750	0
11358	751	0
11358	752	0
11358	753	0
11358	759	0
11358	762	0
11358	770	0
11358	773	0
11358	788	0
11358	789	1.43
11358	794	0
11422	770	0
11422	773	1.63
11422	785	0
11422	786	0
11422	788	0
11422	789	0
11427	770	0
11427	773	0
11427	785	2.8
11427	786	0.66
11427	788	0
11427	789	0.78
11429	731	0
11429	740	0
11429	741	0
11429	742	0
11429	743	63.13
11429	745	0
11429	749	0
11429	750	0
11429	751	0
11429	752	0
11429	753	0
11429	759	0
11429	762	0
11429	770	0
11429	773	0
11429	786	0.86
11429	788	0
11429	789	0
11429	794	0
11430	773	0
11430	786	0.34
11430	788	0
11430	789	0
11435	770	3.85
11435	773	0
11435	785	0
11435	786	0.32
11435	788	2.13
11435	789	0.05
11439	770	0.02
11439	773	0
11439	786	0.03
11439	788	0.01
11439	789	0.01
11450	773	0
11450	786	1.23
11450	788	0
11450	789	0.03
11457	770	0
11457	773	0.74
11457	786	6.38
11457	788	0.35
11457	789	3.97
11463	770	0
11463	773	0
11463	786	0
11463	788	0
11463	789	0
11477	749	0
11477	750	0
11477	751	0
11477	752	0
11477	753	0
11477	789	0.66
11477	794	0
11478	789	0.47
11505	770	0.06
11505	773	0.11
11505	785	0
11505	786	2.13
11505	788	4.38
11505	789	16.94
11506	785	0.13
11506	786	0.74
11506	788	2.93
11506	789	9.84
11507	770	0.01
11507	773	0.02
11507	786	0.01
11507	788	0.03
11507	789	0.01
11510	785	0
11510	786	0
11510	788	0
11510	789	0
11518	789	2.87
11519	785	0
11519	786	0.23
11519	788	0
11519	789	0.11
11520	770	0.01
11520	773	0.02
11520	786	0.01
11520	788	0.03
11520	789	0.01
11521	731	0.02
11521	741	0.02
11521	743	0.02
11521	785	0.14
11521	786	0
11521	788	0.14
11521	789	0.14
11529	731	0
11529	740	0
11529	741	0
11529	742	0
11529	743	0
11529	745	0
11529	749	0
11529	750	0
11529	751	0
11529	752	0
11529	753	0
11529	759	0
11529	762	0.68
11529	770	0
11529	773	0
11529	785	0
11529	786	0.09
11529	788	0.13
11529	789	0.58
11529	794	0
11530	731	0
11530	740	0
11530	741	0
11530	742	0
11530	743	0
11530	745	0
11530	749	0
11530	750	0
11530	751	0
11530	752	0
11530	753	0
11530	759	0
11530	762	0
11530	770	0
11530	773	0.01
11530	786	0.01
11530	788	0.01
11530	789	0.7
11530	794	0
11531	770	0.01
11531	773	0.02
11531	786	0.01
11531	788	0.03
11531	789	0.5
11547	786	0.08
11547	789	4.12
11568	770	0
11568	773	0
11568	786	11.87
11568	788	0
11568	789	0.73
11587	770	62.2
11591	759	0
11591	770	0.01
11591	773	0.02
11591	785	0
11591	786	23.03
11591	788	0.2
11591	789	29.99
11602	785	0
11602	786	0
11602	788	0
11602	789	0.25
11616	770	0
11616	773	0
11616	785	0
11616	786	10.3
11616	788	5.7
11616	789	86.2
11670	770	1.4
11670	773	3.87
11670	786	0
11670	788	1.2
11670	789	14.7
11676	786	21.85
11696	786	0.04
11696	789	0.21
11722	786	0.42
11722	789	3.03
11724	786	0
11724	788	0
11724	789	0.2
11821	731	0
11821	749	0
11821	750	0
11821	751	0
11821	752	0
11821	753	0
11821	770	0
11821	773	0.61
11821	786	0.02
11821	788	0
11821	789	0.23
11821	794	0
11886	770	0
11886	773	0
11886	786	0.06
11886	788	0.05
11886	789	1.19
11935	786	0.01
11935	789	0.86
11951	731	0
11951	770	0
11951	773	1.02
11951	786	0.01
11951	788	0.22
11951	789	1.04
11952	731	126.99
11952	741	7.68
11952	773	37.98
11952	789	31.51
11957	758	1.08
11957	789	0.23
11959	731	0
11959	770	0
11959	773	0
11959	785	4.3
11959	786	34.89
11959	789	7.92
11960	731	0
11960	740	0
11960	741	0
11960	742	0
11960	743	0
11960	745	0
11960	749	0
11960	750	0
11960	751	0
11960	752	0
11960	753	0
11960	759	0
11960	762	0
11960	770	0
11960	773	0
11960	788	0
11960	789	0
11960	794	0
11977	773	4.14
11977	789	15.98
11979	773	1.34
11979	789	5.07
12061	731	2.46
12061	740	0
12061	741	0
12061	742	0
12061	743	0
12061	745	0
12061	749	1.28
12061	750	2.59
12061	751	0.6
12061	752	0
12061	753	0
12061	758	0.25
12061	759	0
12061	762	0.43
12061	770	0
12061	773	0
12061	785	2.64
12061	786	0.39
12061	788	0
12061	789	0.36
12061	794	0
12078	731	0
12078	740	0
12078	741	0
12078	742	0
12078	743	0
12078	745	0
12078	749	0
12078	750	0
12078	751	0
12078	752	0
12078	753	0
12078	759	0
12078	762	0
12078	770	0
12078	773	0
12078	788	0
12078	789	0
12078	794	0
12086	731	0
12086	740	0
12086	741	0
12086	742	0
12086	743	0
12086	745	0
12086	749	0.9
12086	750	0
12086	751	0.93
12086	752	0.15
12086	753	0
12086	759	0
12086	762	0
12086	770	0
12086	773	0
12086	788	0
12086	789	0
12086	794	0
12098	749	0.01
12098	750	0
12098	751	0
12098	752	0
12098	753	0
12098	794	0.01
12119	785	0
12119	786	0
12119	788	0
12119	789	0
12120	731	6.71
12120	740	0
12120	741	0
12120	742	0
12120	743	0
12120	745	0
12120	749	1.19
12120	750	2.78
12120	751	0.22
12120	752	0
12120	753	1.06
12120	759	0
12120	762	0
12120	770	0
12120	773	0
12120	788	0
12120	789	0
12120	794	0
12131	731	0
12131	740	0
12131	741	0
12131	742	0
12131	743	0
12131	745	0
12131	749	0
12131	750	0
12131	751	0
12131	752	0
12131	753	0
12131	759	0
12131	762	0
12131	770	0
12131	773	0
12131	788	0
12131	789	0
12131	794	0
12142	731	10.74
12142	740	0
12142	741	7.28
12142	742	0
12142	743	0
12142	745	0
12142	749	7.24
12142	750	5.63
12142	751	0.82
12142	752	0
12142	753	2.3
12142	759	0
12142	762	0
12142	770	0
12142	773	0
12142	788	0
12142	789	0
12142	794	0
12149	731	0
12149	740	0
12149	741	0
12149	742	0
12149	743	0
12149	745	0
12149	749	0
12149	750	0.49
12149	751	0
12149	752	0
12149	753	0
12149	759	0
12149	762	0
12149	770	0
12149	773	0
12149	788	0
12149	789	0
12149	794	0
12151	731	7.33
12151	740	0
12151	741	0
12151	742	0
12151	743	0
12151	745	0
12151	749	3.57
12151	750	2.05
12151	751	0.83
12151	752	0
12151	753	0.4
12151	759	0
12151	762	0
12151	770	0
12151	773	0
12151	788	0
12151	789	1.46
12151	794	0
12155	731	2.71
12155	740	0
12155	741	0
12155	742	0
12155	743	0
12155	745	0
12155	749	0
12155	750	0
12155	751	0
12155	752	0
12155	753	0
12155	759	0
12155	762	0
12155	770	0
12155	773	0
12155	788	0
12155	789	0
12155	794	0
14003	749	0.38
14003	750	0
14003	751	0.08
14003	752	0
14003	753	0
14003	759	0
14003	762	0
14003	770	0
14003	773	0
14003	786	0.81
14003	788	0.02
14003	789	0.02
14003	794	0.08
14057	740	6.63
14057	741	3.9
14057	742	94.83
14057	745	3.93
14057	749	9.86
14057	751	7.56
14057	789	1.94
14096	731	0.19
14096	740	1.98
14096	741	2.01
14096	742	13.84
14096	745	1.25
14096	749	7.14
14096	750	0.06
14096	751	3.79
14096	752	0.01
14096	753	0
14096	759	0.63
14096	762	1.77
14096	770	0.13
14096	773	0.04
14096	785	0.02
14096	786	0.09
14096	788	0.42
14096	789	1.04
14096	794	0.08
14097	740	3.32
14097	741	4.18
14097	742	26.24
14097	745	1.85
14097	749	7.7
14097	751	10.66
14097	773	0.04
14097	785	0.02
14097	786	0.01
14097	788	0.28
14097	789	0.58
14098	740	4.7
14098	741	3.9
14098	742	44.09
14098	745	2.4
14098	749	6.21
14098	751	9.2
14098	773	0.06
14098	785	0.05
14098	786	0.02
14098	788	0.08
14098	789	0.62
14100	740	14.16
14100	741	9.35
14100	742	121.65
14100	745	7.82
14100	749	6.82
14100	751	9.97
14100	789	2.11
14106	731	0
14106	742	0.06
14106	749	0.77
14106	750	0
14106	751	0.55
14106	752	0
14106	753	0
14106	759	0.4
14106	762	0.38
14106	770	0
14106	773	0
14106	785	0
14106	786	0.01
14106	788	0.01
14106	789	0.04
14106	794	0
14192	749	21.51
14192	751	31.22
14192	789	2.03
14194	749	0.74
14194	750	0
14194	751	0.59
14194	752	0
14194	753	0
14194	794	0
14209	749	0
14209	750	0.04
14209	751	0.04
14209	752	0
14209	753	0
14209	770	0
14209	773	0
14209	786	0
14209	788	0.05
14209	789	0.05
14209	794	0
14242	731	0.37
14242	740	0
14242	741	0.01
14242	742	0
14242	743	0.03
14242	745	0.41
14242	749	0.19
14242	751	0.99
14242	770	0.01
14242	773	0.03
14242	786	0.01
14242	788	0.23
14242	789	2.2
14352	750	0.55
14352	751	0.49
14352	752	0.64
14352	753	1.01
14352	755	0.35
14352	756	49.03
14352	770	0
14352	773	0
14352	786	0.88
14352	788	0.89
14352	789	2.74
14352	791	0.43
14352	792	0.18
14355	749	1.51
14355	750	8.05
14355	751	2.13
14355	752	5.86
14355	753	9.36
14355	755	1.58
14355	756	81.3
14355	770	0
14355	773	0
14355	786	1.41
14355	788	0.45
14355	789	2.19
14355	791	1.75
14355	792	1.51
14355	794	1.25
14367	750	0.61
14367	751	0.31
14367	752	0.24
14367	753	0.86
14367	755	0.01
14367	756	23.65
14367	786	0.32
14367	788	0.21
14367	789	0.87
14367	791	0.01
14367	792	0
14653	749	4.47
14653	750	29.18
14653	751	8.33
14653	752	17.94
14653	753	70.2
14653	755	0.05
14653	756	1.08
14653	770	0.17
14653	773	0.12
14653	786	1.31
14653	788	1.02
14653	789	2.49
14653	791	0.01
14653	792	0.01
14653	794	1.54
16014	740	15.41
16014	741	18.5
16014	742	10.61
16029	749	1.66
16029	750	0
16029	751	0.35
16029	752	0
16029	753	0
16029	794	0
16032	731	1.86
16032	743	4.82
16033	786	0.11
16033	788	0.33
16033	789	6.82
16042	749	5.07
16042	750	0.05
16042	751	0.14
16042	752	0
16042	753	0
16042	786	2.35
16042	789	0.23
16042	794	0
16049	749	0.01
16049	750	0
16049	751	0.09
16049	752	0
16049	753	0
16049	786	3.4
16049	794	0
16054	749	0
16054	750	0
16054	751	0
16054	752	0
16054	753	0
16054	770	0
16054	773	0
16054	786	0.35
16054	788	0
16054	789	0.55
16054	794	0
16055	749	50.75
16055	752	30.06
16055	753	109.46
16055	786	0.44
16055	788	6.73
16055	789	38.78
16056	749	0
16056	750	0
16056	751	0
16056	752	0
16056	753	0
16056	794	0
16069	749	0.35
16069	750	0
16069	751	0
16069	752	0
16069	753	0
16069	794	0.14
16089	731	0
16089	740	0
16089	741	0
16089	742	0
16089	743	0
16089	745	0
16089	749	0
16089	750	0.66
16089	751	0
16089	752	0
16089	753	0
16089	759	0
16089	762	0
16089	770	0
16089	788	0
16089	789	0
16089	794	0
16126	773	0
16126	786	1.19
16126	788	0
16126	789	0
18075	749	0
18075	750	0
18075	751	0
18075	752	0
18075	753	0
18075	794	0
19078	749	64.33
19078	751	141.83
19120	749	4.16
19120	750	0
19120	751	10.88
19120	752	0
19120	753	0
19120	794	0
19165	749	64.82
19165	751	196.43
19165	789	10
19166	749	36.71
19166	751	56.6
19166	789	3.37
19719	749	0.31
19719	750	0
19719	751	0.28
19719	752	0
19719	753	0
19719	786	0.06
19719	789	0.31
19719	794	0
20004	749	2.39
20008	789	15.38
20009	770	0.28
20009	789	7.09
20011	751	3.02
20011	752	0.78
20011	789	3.47
20045	749	0
20045	750	0
20045	751	0
20045	752	0
20045	753	0
20045	794	0
20100	749	0
20100	750	0
20100	751	0
20100	752	0
20100	753	0
20100	794	0
43201	749	0
43201	750	0
43201	751	0
43201	752	0
43201	753	0
43201	785	0.68
43201	786	1.12
43201	788	3.34
43201	789	20.95
43201	794	0
97003	749	74.63
97003	751	93.31
97005	749	0.02
97005	750	0.01
97005	751	0.53
97005	752	0.23
97005	753	0
97005	794	0
97007	731	2.16
97007	741	0.26
97007	749	6.65
97007	750	0
97007	751	1.56
97007	752	0
97007	753	0
97007	788	0.64
97007	789	0.48
97007	794	1.6
97034	749	88.45
97034	750	156.67
97034	751	99.18
97034	794	8262
97041	749	0
97041	750	0
97041	751	0
97041	752	0
97041	753	0
97041	794	0
97043	731	4.73
97043	741	0.02
97043	743	0.02
97043	745	2.21
97043	770	0.01
97043	773	0.01
97043	786	0.01
97043	788	0.01
97043	789	1.79
97046	731	0.28
97046	745	0.02
97046	786	0.1
97046	788	0.1
97046	789	0.7
97049	731	0.74
97049	749	7.58
97049	751	3.06
97049	789	0.37
97054	731	0.97
97054	749	12.25
97054	751	4.09
97054	789	0.45
97068	740	0
97068	741	0
97068	742	0
97068	743	0
97068	745	0
97068	749	2.77
97068	750	1.52
97068	751	6.27
97068	752	0
97068	753	0
97068	759	0
97068	762	0
97068	770	0
97068	773	0
97068	788	0
97068	789	0.51
97068	794	0
97071	731	2.95
97071	740	0
97071	741	0.01
97071	742	0
97071	743	0.01
97071	745	0
97071	749	1
97071	750	1.37
97071	751	4.09
97071	752	0
97071	753	0.46
97071	759	0
97071	762	0
97071	770	0
97071	773	0.01
97071	788	0.01
97071	789	0.41
97071	794	0
97074	731	1.16
97074	740	1.97
97074	741	2.27
97074	742	39
97074	743	0.02
97074	745	3.62
97074	749	0.82
97074	750	0.08
97074	751	0.96
97074	752	0.17
97074	753	0
97074	770	0
97074	773	1.3
97074	786	0
97074	788	0.01
97074	789	1.04
97074	794	0
97077	731	56.03
97077	740	0
97077	741	0.01
97077	742	0
97077	743	0.01
97077	745	0
97077	749	17.55
97077	750	13.06
97077	751	2.44
97077	752	0
97077	753	0.48
97077	759	0
97077	762	0
97077	770	0
97077	773	0.6
97077	786	0.01
97077	788	0.01
97077	789	12.45
97077	794	0
97085	731	19.35
97085	740	23.52
97085	741	37.59
97085	742	57.16
97085	743	2.65
97085	745	9.99
97088	749	0.63
97088	750	0
97088	751	0
97088	752	0
97088	753	0
97088	773	0.14
97088	786	0
97088	788	1.06
97088	789	0
97088	794	0.17
99001	770	3.8
99001	773	6.5
99001	785	0.7
99001	786	3.8
99001	788	3.6
99001	789	16
99002	731	5.5
99002	749	7.4
99002	751	28.73
99002	789	19.36
99007	731	29.76
99007	741	45.27
99007	788	1.86
99007	789	1.15
99009	770	1.7
99009	773	0.66
99011	762	3.19
99011	773	0
99011	786	0.1
99011	789	2.76
99012	731	344.07
99012	740	2.79
99012	741	0.65
99012	742	1.22
99012	743	0.98
99012	745	0.08
99012	786	0.34
99012	788	0
99012	789	18.53
99014	770	0.1
99014	773	0.1
99014	785	1.1
99014	786	2.3
99014	788	1.1
99014	789	26.3
99016	770	0
99016	773	6.6
99016	785	1.8
99016	786	4.3
99016	788	1.4
99016	789	12.4
99019	770	0
99019	773	0.6
99019	785	5.1
99019	786	2.9
99019	788	1.6
99019	789	29.3
99021	731	40.15
99021	786	0.38
99021	788	0
99021	789	13.3
99022	749	0
99022	750	5.64
99022	751	0
99022	752	0
99022	753	0
99022	794	4.33
99027	786	0.26
99027	789	0.32
99029	749	0.14
99029	750	0
99029	751	1.74
99029	752	0
99029	753	0
99029	794	0
99031	789	0.63
99032	770	12.6
99032	773	34.1
99032	785	0
99032	786	0.2
99032	788	0.4
99032	789	1.1
99035	770	0.03
99035	773	0.28
99035	785	0.06
99035	786	0.06
99035	788	0.36
99035	789	0.31
99037	731	0.04
99037	740	0
99037	741	0.01
99037	742	0.02
99037	743	0
99037	745	0.01
99037	785	38.29
99037	789	7.58
99038	758	3.03
99038	759	4.02
99038	762	4.56
99041	773	3.36
99041	789	27.6
99042	773	6.93
99042	789	50.63
99043	731	88.3
99043	743	0.7
99043	749	2.3
99043	751	1.8
99043	785	1.4
99043	786	0.15
99043	788	0
99043	789	9.1
99044	731	65.54
99044	741	9.32
99044	745	0.16
99044	749	1.27
99044	750	0.15
99044	751	0.08
99044	752	0
99044	753	0
99044	770	0
99044	773	0
99044	786	0.01
99044	788	0.91
99044	789	0.77
99044	794	1.28
99045	731	1
99045	741	0
99045	745	0
99045	749	0.3
99045	750	0
99045	751	0
99045	752	0
99045	753	0
99045	786	0.17
99045	788	0.18
99045	789	2.68
99045	794	0
99047	749	3.73
99047	750	0.02
99047	751	1.7
99047	752	0.25
99047	753	0
99047	770	0
99047	773	0
99047	786	0.06
99047	788	0.22
99047	789	1.12
99047	794	0.01
99048	749	10.14
99048	750	0
99048	751	8.68
99048	752	2.81
99048	753	0
99048	770	0
99048	773	0
99048	786	0.09
99048	788	0.22
99048	789	2.08
99048	794	0
99049	749	0.8
99049	750	0
99049	751	0
99049	752	0
99049	753	0
99049	794	0
99050	749	0.17
99050	750	0
99050	751	0
99050	752	0
99050	753	0
99050	789	0.09
99050	794	0
99051	786	0
99051	789	0.03
99052	749	1.48
99052	750	0
99052	751	0.38
99052	752	0.49
99052	753	0
99052	794	0
99053	786	2.12
99053	789	0.12
99054	770	0
99054	773	0
99054	786	18.4
99054	788	0
99054	789	4.5
99055	731	3.19
99055	741	4.28
99055	743	0.02
99055	745	2.07
99055	770	0.26
99055	773	0.19
99055	785	4.58
99055	786	0.7
99055	788	2.7
99055	789	39.21
99056	731	0
99056	770	0
99056	773	0
99056	785	0.49
99056	786	0
99056	788	0
99056	789	6.17
99058	770	0
99058	773	0.1
99058	785	9.3
99058	786	6.5
99058	788	19.8
99058	789	48.8
99064	743	0.31
99064	749	0.9
99064	750	0
99064	751	0
99064	752	0
99064	753	0
99064	786	0.65
99064	789	0.54
99064	794	0
99065	789	0.6
99066	788	3.49
99066	789	3.88
99067	789	1.02
99068	750	13.34
99068	751	4.45
99068	752	5.11
99068	753	19.97
99068	755	0.02
99068	756	8.14
99068	786	0.54
99068	788	0.58
99068	789	1.69
99068	791	0
99068	792	0
99069	750	16.02
99069	751	6.16
99069	752	7.57
99069	753	26.05
99069	755	0.12
99069	756	8.78
99069	786	1
99069	788	1
99069	789	2.77
99069	791	0.11
99069	792	0.04
99071	749	0.23
99071	750	6.1
99071	751	2.54
99071	752	6.33
99071	753	34.48
99071	770	0
99071	773	0
99071	786	0.9
99071	788	0.49
99071	789	1.3
99073	749	0
99073	750	0
99073	751	0
99073	752	0
99073	753	0
99073	794	0
99074	786	0
99074	788	0
99074	789	0.2
99075	749	1.6
99075	751	1.25
99075	785	0
99075	786	0
99075	788	0
99075	789	0.01
99079	770	0
99079	773	0.9
99079	786	1.58
99079	788	0
99079	789	0.28
99080	749	0.33
99080	750	0
99080	751	2.12
99080	752	0
99080	753	0
99080	794	0
99081	789	26.9
99082	789	10.55
99083	749	1.95
99083	750	0
99083	751	0.32
99083	752	0
99083	753	0
99083	789	0.48
99083	794	0
99086	789	14.9
99088	770	0
99088	773	1.13
99088	786	0
99088	788	0
99088	789	0.51
99098	770	0.01
99098	773	0
99098	786	0
99098	788	0.01
99098	789	0.07
99102	770	0
99102	773	0.01
99102	786	0
99102	788	0.02
99102	789	0.16
99104	789	0
99105	770	0.07
99105	773	0.32
99105	786	0
99105	788	0.43
99105	789	0.53
99107	770	0.01
99107	773	0.04
99107	785	0
99107	786	0.26
99107	788	0.01
99107	789	1.65
99108	749	3.6
99108	751	0.6
99109	731	0
99109	740	0.08
99109	741	0.08
99109	742	0.43
99109	745	0.07
99109	751	2.2
99110	749	0.92
99110	788	4.41
99110	789	16.41
99111	759	0
99111	770	0
99111	773	0
99111	785	0
99111	786	7
99111	789	170
99112	759	0
99112	770	0
99112	773	0
99112	785	0
99112	786	0
99112	789	0
99113	749	0.07
99113	750	0
99113	751	1.57
99113	752	0
99113	753	0
99113	794	0
99114	749	0.16
99114	750	0
99114	751	0.9
99114	752	0
99114	753	0
99114	794	0
99115	759	0
99115	770	2.57
99115	773	1
99115	785	0
99115	786	0
99115	788	2.1
99115	789	7.3
99116	759	0
99116	762	0
99116	770	1.2
99116	773	16.7
99116	785	0
99116	786	0
99116	789	0
99117	759	0
99117	770	0
99117	773	1
99117	785	5
99117	786	11
99117	789	10
99118	770	19.1
99118	773	3.5
99304	758	14.54
99304	759	10.74
99304	762	23.77
99304	770	0
99304	789	0
99305	758	1.2
99305	759	74.89
99305	762	42.51
99305	770	0
99305	789	0
99306	758	1.02
99306	759	19.25
99306	762	6.5
99306	770	0
99306	789	0
99311	758	2.86
99311	759	1.79
99311	762	25.31
99311	770	0.65
99311	773	0
99311	786	0
99311	789	0
99313	731	5.47
99313	741	0.75
99313	745	0.43
99313	758	0
99313	759	12.72
99313	762	1.63
99313	770	0
99313	789	0
99316	759	19.06
99316	762	7.04
99321	749	11.99
99321	750	0
99321	751	41.5
99321	752	0
99321	753	0
99321	794	0
99323	786	0.03
99323	788	0.72
99323	789	0.63
99324	749	0
99324	750	0
99324	751	0.08
99324	752	0
99324	753	0
99324	794	0
99326	786	0
99326	788	7.3
99326	789	17.7
99327	731	22.6
99327	741	0.02
99327	743	1.6
99327	770	0.01
99327	773	0.02
99327	786	0.01
99327	788	0.03
99327	789	1.1
99335	786	0
99335	788	0
99335	789	7.4
99337	731	1.7
99337	743	0
99337	749	0.5
99337	751	0.8
99337	785	0
99337	786	0
99337	788	0
99337	789	0.57
99339	786	0
99339	788	4.65
99339	789	5.45
99341	750	0.85
99341	751	0.49
99341	752	0.21
99341	753	0.51
99341	755	0.05
99341	756	25.49
99341	786	0.66
99341	788	0.87
99341	789	0.74
99341	791	0.04
99341	792	0.02
99342	750	0.09
99342	751	0.37
99342	752	0.08
99342	753	0.12
99342	755	0.01
99342	756	15.82
99342	786	0.33
99342	788	0.12
99342	789	0.72
99342	791	0
99342	792	0
99343	750	4.99
99343	751	1.98
99343	752	0.93
99343	753	3.96
99343	755	0.02
99343	756	0
99343	786	0.32
99343	788	1.03
99343	789	0.21
99343	791	0
99343	792	0
99344	750	0.25
99344	751	0.07
99344	752	0.14
99344	753	0.45
99344	755	0.01
99344	756	8.87
99344	786	0.38
99344	788	0.49
99344	789	0.6
99344	791	0.01
99344	792	0
99347	759	1.5
99347	762	53
99347	786	0.4
99347	789	0.5
99349	750	0.66
99349	751	0.25
99349	752	0.11
99349	753	0.49
99349	755	0
99349	756	10.19
99349	786	0.12
99349	788	0.07
99349	789	0.25
99349	791	0
99349	792	0
99350	750	0.54
99350	751	0.24
99350	752	0.14
99350	753	0.55
99350	755	0
99350	756	27.95
99350	786	0.42
99350	788	0.87
99350	789	0.34
99350	791	0
99350	792	0
99351	749	4.85
99351	751	0.82
99351	789	0.68
99354	749	67.6
99354	750	19.8
99354	751	20.8
99354	752	147.8
99354	753	68.2
99356	773	10.36
99357	731	85.26
99357	740	42.69
99357	741	97.59
99357	742	39.22
99357	745	20.45
99357	786	0
99357	788	1.09
99357	789	3.04
99359	731	27.58
99360	786	259.19
99360	789	233.84
99361	759	28.73
99361	762	24.82
99362	731	0
99362	740	0
99362	741	0
99362	742	0
99362	743	0
99362	745	0
99362	749	0
99362	750	0
99362	751	0
99362	752	0
99362	753	0
99362	759	0
99362	762	0
99362	770	0
99362	773	0
99362	788	0
99362	789	0
99362	794	0
99363	731	0
99363	740	0
99363	741	0
99363	742	0
99363	743	0
99363	745	0
99363	770	0
99363	773	0
99363	788	0
99363	789	0
99364	786	4.03
99364	789	3.08
99365	749	0
99365	750	1.07
99365	751	2.3
99365	752	2.73
99365	753	4.15
99367	731	17.93
99367	745	5.21
99367	789	2.19
99368	770	0.01
99368	773	0.02
99368	786	0.01
99368	788	0.03
99368	789	0.01
99369	773	1.73
99369	789	2.48
99370	773	0.07
99370	789	0.3
99371	773	3.57
99371	789	0.09
99372	773	1.68
99372	789	6.45
99373	773	0
99373	786	4.61
99373	788	1.93
99373	789	23.53
99374	785	3.84
99374	786	6.03
99374	789	8.55
99376	770	0.4
99376	773	0
99376	786	0
99376	788	0
99376	789	24.1
99377	770	0.01
99377	773	0.02
99377	786	2.8
99377	788	0.03
99377	789	0.9
99378	786	22.51
99379	786	17.11
99380	762	0
99380	770	0
99380	773	25.1
99380	786	0
99380	789	0
99382	749	0.25
99382	750	0.14
99382	751	0.73
99382	788	0.08
99382	789	0.26
99382	794	0.53
99383	786	4.1
99383	789	12.6
99384	773	0.6
99384	789	2.4
99385	731	10.6
99385	741	0.9
99385	743	0.02
99386	786	7.72
99386	789	70.37
99387	731	0.2
99387	741	0.02
99387	743	0.02
99387	770	0.01
99387	773	0.02
99387	786	0.01
99387	788	0.03
99387	789	0.01
99394	731	11.07
99394	740	2.34
99394	741	3.2
99394	742	4.02
99394	743	3.41
99394	745	1.81
99395	770	0
99395	773	0
99395	786	0
99395	788	0
99395	789	0
99396	740	0.14
99396	741	2.5
99396	742	0.1
99396	786	26
99396	789	0
99397	731	110.4
99397	741	201.28
99397	788	20.85
99397	789	22.85
99398	731	231.61
99398	789	68.17
99399	786	11.67
99399	788	47.74
99399	789	58.13
99400	786	0.57
99400	788	11.67
99400	789	3.63
99402	731	411.4
99402	789	108.16
99403	786	0.51
99403	789	4.3
99404	786	0.53
99404	788	0
99404	789	3.33
99406	731	0.2
99406	741	0.02
99406	743	0.02
99409	770	0
99409	773	0
99409	786	0
99409	789	0
99411	731	669.01
99411	743	16.69
99411	745	1.09
99412	749	24.2
99412	751	84.4
99428	770	0
99428	773	0
99428	786	0
99428	788	0
99428	789	1
99429	770	0
99429	773	0
99429	786	0
99429	788	0
99429	789	1.2
99436	731	0.04
99436	740	0.1
99436	741	0.1
99436	742	0.08
99436	745	0.17
99436	751	0
99436	788	0.16
99436	789	0.53
99437	731	0.47
99437	743	11.79
99439	749	0.71
99439	750	0.07
99439	751	0.37
99439	752	0
99439	753	0
99439	794	0.18
99460	758	0
99460	762	0
99460	770	2.54
99460	773	0.45
99461	758	0.29
99461	762	1.67
99461	770	2.54
99461	773	3.93
99577	731	200.96
99577	745	3.91
99582	750	18.65
99582	752	8.35
99582	753	42.45
99594	731	53.64
99595	731	61.94
99596	731	0.48
99597	785	0
99597	786	0
99597	788	0
99597	789	0
99598	788	3.65
99598	789	4.36
99599	786	0.02
99599	789	0.04
99600	731	0.19
99600	770	0
99600	773	0
99600	786	0.18
99600	788	1.93
99600	789	1.27
99601	731	27.82
99602	786	12.3
99602	789	18.42
99603	731	2.27
99603	743	0.01
99603	745	0.14
99603	785	7.71
99603	786	1.25
99603	789	0.45
99604	731	6.83
99604	743	0.05
99604	745	0.57
99604	785	8.91
99604	786	2.51
99604	789	0.45
99605	731	10.39
99605	743	0
99605	745	0.66
99605	785	8.56
99605	786	0.64
99605	789	0.33
99606	731	31.42
99606	743	0
99606	745	3.11
99606	785	6.06
99606	786	5.14
99606	789	17.44
99607	740	55.72
99607	741	15.19
99607	745	1.82
99608	731	1.65
99609	731	11.77
99609	788	0.52
99609	789	1.05
99610	731	26.28
99610	745	0.73
99610	749	3.18
99610	751	12.97
99610	789	3.88
99611	749	0.2
99611	751	0.1
99611	789	0.01
99612	785	0
99612	786	0
99612	788	0
99612	789	0
99613	731	1.9
99613	740	17.75
99613	741	17.73
99613	742	12.55
99613	745	5.16
99614	770	5.57
99614	773	69.05
99614	789	46.61
99615	770	7.26
99615	773	51.4
99615	789	42.81
99616	731	110.58
99616	740	6.27
99616	741	50.38
99616	742	10.59
99616	743	0
99616	745	2.96
99616	789	16.64
99617	786	0
99617	788	2.04
99617	789	4.92
99618	786	6.2
99618	788	11.4
99618	789	13.6
99619	785	0
99619	786	0
99619	788	0
99619	789	0
99621	731	28.42
99621	740	1.99
99621	741	11.03
99621	745	7.52
99622	785	0
99622	786	0
99622	788	0
99622	789	0
99623	786	0
99623	788	0
99623	789	0.19
99624	785	0
99624	786	0
99624	788	0
99624	789	0
99625	731	21.19
99625	741	6.61
99625	745	0.08
99626	731	18.04
99626	743	1.09
99627	785	0
99627	786	0
99627	788	0
99627	789	0
99628	785	0
99628	786	0
99628	788	0
99628	789	0
99629	731	752.68
99630	785	0
99630	786	0
99630	788	0
99630	789	0
99631	731	5.11
99631	749	29.04
99631	751	2.69
99631	789	10.73
99632	731	17.88
99632	741	6.89
99633	731	0
99633	758	0.08
99633	759	0.75
99633	762	0.37
99633	789	0.08
99634	785	0.78
99634	786	1.78
99634	789	66.19
99635	770	0
99635	773	0
99635	786	0
99635	788	0
99635	789	1.1
99636	731	22.37
99636	741	66.15
99637	785	0
99637	786	0
99637	788	0
99637	789	0
99638	785	0
99638	786	0
99638	788	0
99638	789	0
99639	731	555.72
99639	743	2.47
99640	786	0
99640	788	0
99640	789	0
99641	731	90.17
99641	743	4.07
99642	786	0.21
99642	788	0
99642	789	0.42
99643	785	0
99643	786	0
99643	789	0
99644	785	0
99644	786	33.6
99644	788	0
99644	789	0
99645	786	0
99645	789	30.6
99646	758	85.33
99646	762	372
99646	770	17.71
99646	773	1028.75
99646	789	42
99647	785	0
99647	786	0.27
99647	788	0
99647	789	0.63
99649	770	24.02
99649	773	34.87
99650	731	23.76
99650	740	14.93
99650	741	70.62
99650	742	6.01
99650	745	4.78
99650	751	2.14
99650	789	3.11
99651	786	0.04
99651	788	0
99651	789	0.08
99653	731	9.6
99653	740	36.25
99653	741	23.41
99653	742	63.45
99653	745	15.9
99653	749	98.47
99653	751	25.66
99653	786	2.36
99653	788	2.92
99653	789	14.42
99654	731	108.82
99654	741	0.73
99654	745	0.07
99655	770	0
99655	773	0
99655	786	4.82
99655	788	0
99655	789	3.19
99656	786	3.4
99656	789	2.01
99657	731	94.72
99657	740	27.82
99657	741	94.6
99657	742	34.28
99657	745	11.07
99657	786	1.92
99657	788	2.74
99657	789	17.22
99658	749	6.7
99658	786	9.2
99658	788	2.2
99658	789	7.5
99659	749	0.2
99659	786	1.1
99659	788	0.05
99659	789	0.4
99660	773	4.92
99661	731	0.02
99661	741	0.02
99661	743	0.02
99661	770	0.01
99661	773	0.02
99661	786	0.01
99661	788	0.07
99661	789	0
99662	785	0
99662	786	0.84
99662	788	0
99662	789	0
99686	751	37.41
