NDB_No	Nutr_No	Isfl_Val (mg Per 100g)
1056	710	0
1056	711	0
1056	713	0
1077	710	0
1077	711	0
1077	713	0
1079	710	0
1079	711	0
1079	712	0
1079	713	0
1079	715	0.0001
1079	716	0
1116	710	0
1116	711	0
1116	713	0
1123	710	0.02
1123	711	0.02
1123	713	0.05
1123	714	0.05
1123	715	0.05
1123	716	0
2019	710	0.01
2019	711	0.01
2019	713	0.02
2019	714	0.01
2019	715	0.01
2019	716	0
2046	710	0
2046	711	0
2046	713	0
3841	710	0.73
3841	711	1.367272727
3841	712	0.117
3841	713	2.205454545
3843	710	6.033
3843	711	12.233
3843	712	2.7335
3843	713	25.81790909
3890	710	0.75
3890	711	1.6
3890	712	0.275
3890	713	2.625
3891	710	0.9764
3891	711	2.6922
3891	712	0.35
3891	713	3.8086
3893	710	5.7
3893	711	13.55
3893	712	2.05
3893	713	28.01428571
3931	710	7.225
3931	711	14.75
3931	712	3
3931	713	25
4044	710	0
4044	711	0
4044	712	0
4044	713	0
5323	710	0.25
5323	711	0.3
5323	712	0
5323	713	0.55
5327	710	0.2
5327	711	0.25
5327	712	0
5327	713	0.55
6016	710	0
6016	711	0.1
6016	712	0
6016	713	0.1
6019	710	0
6019	711	0
6019	712	0
6019	713	0
6043	710	0
6043	711	0
6043	712	0
6043	713	0
6065	710	0
6065	711	0
6065	712	0
6065	713	0
6071	710	0
6071	711	0
6071	712	0
6071	713	0
6075	710	0
6075	711	0
6075	712	0
6075	713	0.1
6118	710	0
6118	711	0
6118	712	0
6118	713	0
6119	710	0
6119	711	0
6119	712	0
6119	713	0
6121	710	0
6121	711	0
6121	712	0
6121	713	0
6122	710	0
6122	711	0
6122	712	0
6122	713	0
6125	710	0.15
6125	711	0.15
6125	712	0.05
6125	713	0.35
6175	710	6.1
6175	711	3.25
6175	712	0.55
6175	713	9.9
6183	710	0
6183	711	0
6183	712	0
6183	713	0
6194	710	0
6194	711	0
6194	712	0
6194	713	0
6419	710	0
6419	711	0
6419	712	0
6419	713	0
6419	715	0.0001
6419	716	0
6468	710	0
6468	711	0
6468	712	0
6468	713	0
6468	715	0
6468	716	0
6971	710	0.1
6971	711	0
6971	712	0
6971	713	0.2
6982	710	0.733333333
6982	711	0.433333333
6982	712	0.066666667
6982	713	1.233333333
6983	710	0
6983	711	0.3
6983	712	0
6983	713	0.4
7022	710	1
7022	711	0.8
7022	712	0.1
7022	713	1.9
7023	710	0.05
7023	711	0.05
7023	712	0
7023	713	0.15
7023	715	0.0006
7023	716	0.0001
7029	710	0
7029	711	0
7029	712	0
7029	713	0
7029	715	0.0003
7029	716	0.0001
7075	710	0.25
7075	711	0.4
7075	712	0
7075	713	0.7
7083	710	0
7083	711	0
7083	712	0
7083	713	0
7905	710	0
7905	711	0
7905	712	0
7905	713	0.1
7956	710	0
7956	711	0
7956	712	0
7956	713	0
7956	715	0.0002
7956	716	0.0004
8001	710	0
8001	711	0
8001	713	0
8013	710	0
8013	711	0
8013	712	0
8013	713	0
8013	715	0.0029
8013	716	0.0002
8020	710	0
8020	711	0
8020	713	0
8060	715	0.0005
8060	716	0.0002
8065	710	0
8065	711	0
8065	713	0
8067	710	0
8067	711	0
8067	713	0
8090	710	0
8090	711	0
8090	713	0
8102	710	0
8102	711	0
8102	713	0
8234	715	0.0004
8234	716	0
8385	710	41.9
8385	711	41.9
8385	712	10.2
8385	713	93.9
8390	710	0
8390	711	0
8390	712	0
8390	713	0
8393	710	8.4
8393	711	7.7
8393	712	1.4
8393	713	17.4
9003	710	0
9003	711	0
9003	712	0
9003	713	0
9003	715	0.0002
9003	716	0
9004	710	0
9004	711	0
9004	713	0
9005	710	0
9005	711	0
9005	713	0
9016	710	0
9016	711	0
9016	713	0
9021	710	0
9021	711	0
9021	713	0
9024	710	0
9024	711	0
9024	713	0
9032	710	0.003333333
9032	711	0.013333333
9032	712	0
9032	713	0.016666667
9032	714	0.05
9032	715	0.00625
9032	716	0.0021
9037	710	0
9037	711	0
9037	713	0
9040	710	0
9040	711	0
9040	712	0
9040	713	0
9040	715	0.0003
9040	716	0
9042	710	0
9042	711	0
9042	713	0
9050	710	0
9050	711	0
9050	712	0
9050	713	0
9050	715	0.0009
9050	716	0.0002
9070	710	0
9070	711	0
9070	713	0
9078	710	0
9078	711	0
9078	713	0
9083	710	0.016666667
9083	711	0.06
9083	712	0
9083	713	0.073333333
9083	715	0.0004
9083	716	0
9087	710	0
9087	711	0.005
9087	712	0
9087	713	0.005
9087	715	0.0004
9087	716	0.0008
9089	710	0
9089	711	0
9089	713	0
9094	710	0
9094	711	0
9094	713	0.01
9099	710	0
9099	711	0
9099	713	0
9107	710	0
9107	711	0
9107	713	0
9112	710	0
9112	711	0
9112	712	0
9112	713	0
9112	715	0.0002
9112	716	0.0002
9116	710	0.04
9116	711	0.03
9116	713	0.06
9116	714	0.05
9116	715	0.05
9116	716	0.05
9120	710	0
9120	711	0
9120	713	0
9123	710	0
9123	711	0
9123	713	0
9148	710	0
9148	711	0
9148	713	0
9152	710	0
9152	711	0
9152	713	0
9176	710	0
9176	711	0
9176	713	0.005
9181	710	0
9181	711	0
9181	712	0
9181	713	0
9181	715	0.0002
9181	716	0
9184	710	0
9184	711	0
9184	713	0
9191	710	0
9191	711	0
9191	713	0
9194	710	0
9194	711	0
9194	712	0
9194	713	0.005
9194	715	0.0012
9194	716	0.0002
9200	710	0
9200	711	0
9200	713	0
9202	710	0
9202	711	0
9202	712	0
9202	713	0
9202	715	0.0011
9202	716	0.0002
9209	710	0.006666667
9209	711	0.006666667
9209	712	0
9209	713	0.013333333
9209	714	0.05
9209	715	0.02505
9209	716	0.02645
9218	710	0
9218	711	0
9218	713	0
9219	710	0
9219	711	0
9219	713	0
9226	710	0
9226	711	0
9226	713	0
9231	710	0.01
9231	711	0.01
9231	713	0.02
9236	710	0
9236	711	0
9236	712	0
9236	713	0
9236	714	0
9236	715	0.00025
9236	716	5E-05
9240	710	0
9240	711	0
9240	713	0
9252	710	0
9252	711	0
9252	713	0
9256	710	0
9256	711	0
9256	713	0
9266	710	0
9266	711	0
9266	713	0
9268	710	0
9268	711	0
9268	713	0
9277	710	0
9277	711	0
9277	713	0
9278	710	0
9278	711	0
9278	713	0
9279	710	0
9279	711	0.003333333
9279	713	0.003333333
9286	710	0
9286	711	0
9286	713	0
9291	710	0
9291	711	0.003333333
9291	712	0
9291	713	0.003333333
9291	714	0
9291	715	0.00025
9291	716	0.0009
9292	710	0
9292	711	0.01
9292	713	0.02
9298	710	0.026666667
9298	711	0.05
9298	712	0
9298	713	0.076666667
9298	714	0
9298	715	0.0002
9298	716	0.0001
9302	710	0
9302	711	0
9302	712	0
9302	713	0.003333333
9302	715	0.0011
9302	716	0.0005
9304	710	0
9304	711	0
9304	713	0
9307	710	0
9307	711	0
9307	713	0
9316	710	0
9316	711	0
9316	712	0
9316	713	0.0025
9316	715	0
9316	716	0.0003
9326	710	0
9326	711	0
9326	712	0
9326	713	0
9326	715	0
9326	716	0
9433	710	0
9433	711	0
9433	713	0
11001	710	0.01875
11001	711	0.01625
11001	712	0
11001	713	0.035
11001	714	0.03345
11001	715	1.4339
11001	716	1.595933333
11011	710	0.03
11011	711	0
11011	713	0.03
11011	714	0
11011	715	0
11011	716	0.05
11012	710	0
11012	711	0
11012	713	0
11038	710	0
11038	711	0
11038	712	0
11038	713	0
11038	715	0.0001
11038	716	0
11043	710	0.062727273
11043	711	0.084545455
11043	712	0
11043	713	0.104
11043	714	0.0125
11043	715	0.01165
11043	716	0.932
11052	710	0.005
11052	711	0.01
11052	713	0.015
11052	714	0.035
11052	715	0.15
11052	716	0
11053	710	0.0075
11053	711	0.0175
11053	712	0
11053	713	0.025
11053	714	0.035
11053	715	0.0124
11053	716	0
11060	710	0
11060	711	0.01
11060	713	0.02
11061	710	0.01
11061	711	0.02
11061	713	0.03
11080	710	0
11080	711	0
11080	713	0
11081	710	0
11081	711	0
11081	713	0
11088	710	0
11088	711	0
11088	712	0
11088	713	0
11088	714	0
11088	715	0
11088	716	0
11090	710	0
11090	711	0
11090	713	0
11091	710	0
11091	711	0
11091	712	0
11091	713	0
11091	715	0.0001
11091	716	0
11098	710	0
11098	711	0
11098	713	0
11099	710	0
11099	711	0
11099	713	0
11109	710	0
11109	711	0
11109	712	0
11109	713	0
11109	715	0.0001
11109	716	0
11110	710	0
11110	711	0
11110	713	0
11112	710	0
11112	711	0
11113	710	0
11113	711	0
11113	713	0
11114	710	0
11114	711	0
11114	713	0
11115	710	0
11115	711	0
11115	713	0
11116	710	0
11116	711	0
11116	713	0
11124	710	0
11124	711	0
11124	712	0
11124	713	0
11124	714	0
11124	715	5E-05
11124	716	0
11125	710	0
11125	711	0
11125	712	0
11125	713	0
11125	715	0.0001
11125	716	0
11126	710	0
11126	711	0
11126	713	0
11135	710	0
11135	711	0
11135	713	0
11136	710	0
11136	711	0
11136	713	0
11141	710	0
11141	711	0
11141	713	0
11142	710	0
11142	711	0
11142	713	0
11143	710	0
11143	711	0
11143	713	0
11144	710	0
11144	711	0
11144	713	0
11152	710	0
11152	711	0
11152	713	0
11161	710	0
11161	711	0
11161	713	0
11162	710	0
11162	711	0
11162	712	0
11162	713	0
11162	715	0
11162	716	0.0015
11167	710	0
11167	711	0
11167	713	0
11168	710	0
11168	711	0
11168	712	0
11168	713	0.005
11168	715	0.0001
11168	716	0
11203	710	0
11203	711	0
11203	713	0
11205	710	0
11205	711	0
11205	713	0
11206	710	0
11206	711	0
11206	713	0
11209	710	0
11209	711	0
11209	713	0
11210	710	0
11210	711	0
11210	713	0
11215	710	0.005
11215	711	0.015
11215	712	0
11215	713	0.02
11215	714	0.05
11215	715	0.0004
11215	716	5E-05
11233	710	0
11233	711	0
11233	713	0
11246	710	0
11246	711	0
11246	713	0
11247	710	0
11247	711	0
11247	713	0
11251	710	0
11251	711	0
11251	712	0
11251	713	0
11251	715	0.0001
11251	716	0.0001
11252	710	0
11252	711	0
11252	713	0
11260	710	0
11260	711	0
11260	713	0
11261	710	0
11261	711	0
11261	713	0
11278	710	0
11278	711	0
11278	713	0.005
11282	710	0
11282	711	0
11282	713	0
11283	710	0
11283	711	0
11283	712	0
11283	713	0
11283	715	0
11283	716	0
11292	710	0
11292	711	0
11292	713	0
11298	710	0
11298	711	0
11298	713	0
11299	710	0
11299	711	0
11299	713	0
11300	710	0
11300	711	0
11300	712	0
11300	713	0
11300	714	0
11300	715	0
11300	716	0
11304	710	0
11304	711	0.001428571
11304	712	0
11304	713	0.001428571
11304	714	0
11304	715	0
11304	716	0
11305	710	0
11305	711	0
11305	713	0
11306	710	0
11306	711	0
11306	713	0
11312	710	0
11312	711	0.01
11312	713	0.01
11313	710	0
11313	711	0
11313	713	0
11333	710	0
11333	711	0
11333	713	0
11352	710	0
11352	711	0
11352	713	0
11355	710	0
11355	711	0
11355	713	0
11358	710	0
11358	711	0
11360	710	0
11360	711	0
11360	712	0
11360	713	0
11360	715	0.0003
11360	716	0.0001
11365	710	0
11365	711	0
11365	713	0
11367	710	0
11367	711	0
11367	712	0
11367	713	0
11367	715	0.0001
11367	716	0
11422	710	0
11422	711	0
11422	713	0
11423	710	0
11423	711	0
11423	712	0
11423	713	0
11423	715	0
11423	716	0
11429	710	0
11429	711	0
11429	713	0
11435	710	0
11435	711	0
11435	713	0
11436	710	0
11436	711	0
11436	713	0
11450	710	20.33974589
11450	711	22.57039286
11450	712	7.566428571
11450	713	48.95099589
11450	714	0
11450	715	0
11450	716	0
11451	710	7.4125
11451	711	7.06
11451	712	4.6
11451	713	17.9225
11451	714	0
11451	715	0
11451	716	0
11452	710	12.86269841
11452	711	18.76506349
11452	712	2.876938776
11452	713	34.39401613
11452	714	0
11452	715	0.031116667
11452	716	0.340893333
11453	710	5
11453	711	6.7
11453	712	0.8
11453	713	12.5
11457	710	0
11457	711	0
11457	712	0
11457	713	0
11457	715	0.0001
11457	716	0
11458	710	0
11458	711	0
11458	712	0
11458	713	0
11458	715	0.0001
11458	716	0
11468	715	0.0001
11468	716	0
11477	710	0
11477	711	0
11477	713	0
11478	710	0
11478	711	0
11478	713	0
11486	710	0
11486	711	0
11486	712	0
11486	713	0
11507	710	0
11507	711	0.01
11507	713	0.01
11507	714	0
11507	715	0
11507	716	0
11510	710	0
11510	711	0
11510	712	0
11510	713	0
11510	715	0.0001
11510	716	0
11529	710	0
11529	711	0
11529	712	0
11529	713	0
11529	715	0.0001
11529	716	0
11564	710	0
11564	711	0
11564	713	0
11565	710	0
11565	711	0
11565	713	0
11578	710	0
11578	711	0.01
11578	712	0
11578	713	0.01
11578	715	0.0003
11578	716	0.0001
11591	710	0
11591	711	0
11591	713	0
11667	715	0.0007
11667	716	0.0001
11670	710	0
11670	711	0
11670	713	0
11697	710	0
11697	711	0
11697	713	0.01
11935	710	0
11935	711	0
11935	713	0
11957	710	0
11957	711	0
11957	713	0
11963	710	0
11963	711	0
11963	713	0
12023	710	0
12023	711	0
12023	712	0
12023	713	0.01
12023	715	0.0038
12023	716	0.0004
12036	710	0.002
12036	711	0.002
12036	713	0.004
12036	714	0.005
12036	715	0.026
12036	716	0.005
12038	710	0
12038	711	0
12038	712	0
12038	713	0
12038	714	0
12038	715	0.00035
12038	716	5E-05
12061	710	0
12061	711	0.005
12061	712	0
12061	713	0.01
12061	715	0.0008
12061	716	0.018
12078	710	0
12078	711	0
12078	713	0
12087	710	0
12087	711	0.01
12087	712	0
12087	713	0.01
12087	715	0.01
12087	716	0.0004
12097	710	0
12097	711	0
12097	713	0.01
12101	710	0
12101	711	0.01
12101	712	0
12101	713	0.01
12101	715	0.0017
12101	716	0.0024
12104	710	0.01
12104	711	0.01
12104	713	0.02
12108	710	0
12108	711	0
12108	713	0
12120	710	0.005
12120	711	0.02
12120	712	0
12120	713	0.025
12120	715	0.0012
12120	716	0.0003
12142	710	0
12142	711	0
12142	712	0
12142	713	0
12142	715	0.0007
12142	716	0.0003
12151	710	1.875
12151	711	1.75
12151	712	0
12151	713	3.63
12151	715	0.0002
12151	716	0.0067
12155	710	0.02
12155	711	0.01
12155	712	0
12155	713	0.025
12155	715	0.0009
12155	716	0.0006
12220	710	0.015
12220	711	0.0425
12220	712	0.06
12220	713	0.0725
12220	714	0
12220	715	0.01705
12220	716	0.0234
14003	710	0
14003	711	0
14003	713	0
14006	710	0
14006	711	0
14006	712	0
14006	713	0
14006	715	0.0003
14006	716	0
14106	710	0
14106	711	0
14106	712	0
14106	713	0
14106	715	0.0022
14106	716	0.0001
14201	710	0
14201	711	0
14201	712	0
14201	713	0
14201	715	0.0002
14201	716	0
14209	710	0.025
14209	711	0.01
14209	712	0
14209	713	0.035
14209	714	0
14209	715	0.0001
14209	716	0.025
14242	710	0
14242	711	0
14242	712	0
14242	713	0
14242	715	0.001
14242	716	0
14355	710	0
14355	711	0
14355	712	0
14355	713	0
14355	715	0.0001
14355	716	0.0002
14602	710	0
14602	711	0
14602	712	0
14602	713	0
14602	715	0.0121
14602	716	0.0001
15138	710	0.05
15138	711	0.05
15138	712	0
15138	713	0.1
15184	710	0.0375
15184	711	0.05
15184	712	0
15184	713	0.0875
15184	715	0.0002
15184	716	0
15185	710	0.116666667
15185	711	0.15
15185	712	0.016666667
15185	713	0.283333333
16001	710	0.356666667
16001	711	0.233333333
16001	712	0
16001	713	0.586666667
16001	714	0
16001	715	0
16001	716	0
16006	710	0
16006	711	0.005
16006	712	0
16006	713	0.005
16009	715	0.0005
16009	716	0
16014	710	0.006666667
16014	711	0
16014	712	0
16014	713	0.006666667
16014	714	0
16014	715	0
16014	716	0
16018	710	0
16018	711	0
16018	712	0
16018	713	0
16018	715	0.0029
16018	716	0
16019	710	0
16019	711	0
16019	712	0.01
16019	713	0.01
16019	714	0
16019	715	0
16019	716	0
16024	710	0
16024	711	0
16024	713	0
16024	714	0.6
16024	715	0
16024	716	0
16027	712	0
16027	714	0.042061538
16027	715	0.003346154
16027	716	0.002592308
16028	710	0
16028	711	0
16028	713	0
16028	714	0.41
16028	715	0
16028	716	0
16032	710	0.0135
16032	711	0.01
16032	713	0.0235
16032	714	0.0073
16032	715	0
16032	716	0
16033	710	0.005
16033	711	0.005
16033	713	0.01
16034	710	0
16034	711	0
16034	712	0
16034	713	0
16034	715	0.0002
16034	716	0
16037	710	0.007
16037	711	0.204
16037	713	0.211
16037	714	0.0197
16037	715	0
16037	716	0
16040	710	0
16040	711	0
16040	713	0
16040	714	0
16040	715	1.05
16040	716	0
16042	710	0.006666667
16042	711	0.172666667
16042	713	0.179333333
16042	714	0.28105
16042	715	0.00925
16042	716	1.805
16045	710	0
16045	711	0.37
16045	713	0.37
16045	714	0
16045	715	0.82
16045	716	0
16047	710	0.257142857
16047	711	0.171428571
16047	712	0
16047	713	0.428571429
16047	714	0
16047	715	0
16047	716	0
16049	710	0
16049	711	0.01
16049	712	0.01
16049	713	0.02
16049	714	0.01
16049	715	0
16049	716	0
16050	710	0.01
16050	711	0.03
16050	712	0
16050	713	0.04
16050	715	0.0004
16050	716	0.0001
16052	710	0.331874
16052	711	0.148384615
16052	712	0.275
16052	713	0.634774
16052	714	0.1205
16052	715	0.011325
16052	716	0
16053	710	0
16053	711	0
16053	713	0
16054	710	0
16054	711	0
16054	712	0
16054	713	0
16054	715	0.0001
16054	716	0
16056	710	0.21
16056	711	0.06475
16056	712	0.18
16056	713	0.3796712
16056	714	1.538585714
16056	715	0.121042857
16056	716	0.007857143
16057	710	0
16057	711	0.02
16057	713	0.02
16058	710	0
16058	711	0
16058	712	0
16058	713	0
16058	715	0.0005
16058	716	0.0001
16062	710	0.0125
16062	711	0.017
16062	713	0.0295
16062	714	0.579233333
16062	715	0.001833333
16062	716	0.0059
16069	710	0.0106325
16069	711	0.05215625
16069	712	0
16069	713	0.06278875
16069	714	0.004275
16069	715	0.00455
16069	716	0.0017
16070	710	0
16070	711	0
16070	712	0
16070	713	0.005
16070	715	0.007
16070	716	0.0003
16071	712	0
16071	714	0.273181818
16071	715	0.322745455
16071	716	0.136363636
16072	710	0.013333333
16072	711	0.026666667
16072	713	0.005
16072	714	0
16072	715	0.01
16072	716	0
16074	710	0
16074	711	0
16074	713	0
16074	714	0.37
16074	715	0.55
16074	716	0
16076	710	0.1
16076	711	0.145
16076	712	0
16076	713	0.245
16076	714	0
16076	715	0
16076	716	0
16080	710	0.003076923
16080	711	0.085
16080	712	0
16080	713	0.088076923
16080	714	0.003525
16080	715	0.205833333
16080	716	0.003333333
16081	710	0.005
16081	711	0.005
16081	712	0
16081	713	0.01
16081	715	0.0005
16081	716	0
16083	710	0.010285714
16083	711	0.011142857
16083	712	0
16083	713	0.021428571
16083	714	0.023125
16083	715	0.0005
16083	716	0.004875
16085	710	0.32
16085	711	0.112181818
16085	712	0
16085	713	0.444818182
16085	714	0.08762
16085	715	0.00381
16085	716	0.812
16086	710	0
16086	711	0.01
16086	713	0.015
16087	710	0.020555556
16087	711	0.244888889
16087	713	0.264333333
16087	714	0.006316667
16087	715	0.001733333
16087	716	0.001666667
16089	710	0
16089	711	0
16089	712	0
16089	713	0.01
16089	715	0.0003
16089	716	0.0001
16090	710	0
16090	711	0.02
16090	713	0.02
16098	710	0
16098	711	0.005
16098	713	0.005
16101	710	0.018
16101	711	0.54
16101	713	0.558
16101	714	0.1034
16101	715	0.015166667
16101	716	0.006666667
16104	710	2.2
16104	711	5.66
16104	712	1.5
16104	713	9.358
16104	715	0.0041
16104	716	0
16107	710	4.457142857
16107	711	9.228571429
16107	712	2.3
16107	713	14.34285714
16107	714	0
16108	710	62.9042522
16108	711	81.35397476
16108	712	15.28592748
16108	713	155.7621198
16108	714	0.003308333
16108	715	8.458606667
16108	716	0.018681818
16109	710	30.76497786
16109	711	31.26071429
16109	712	3.75173913
16109	713	65.10747786
16109	714	0
16109	715	0.0026
16109	716	0.00075
16111	710	62.137375
16111	711	75.77832
16111	712	13.325
16111	713	148.496625
16111	714	0
16111	715	0.0308
16111	716	0.01855
16112	710	16.426895
16112	711	23.2365
16112	712	3.003902439
16112	713	41.44782556
16112	715	0.0053
16112	716	0
16113	710	33.22047619
16113	711	37.66018519
16113	712	10.54694444
16113	713	82.28952381
16114	710	22.66007143
16114	711	36.15392857
16114	712	3.815692308
16114	713	60.60735714
16115	710	72.91835
16115	711	98.77486667
16115	712	16.11948
16115	713	178.1031167
16115	714	0.0248
16115	715	0.010066667
16115	716	0
16116	710	89.456
16116	711	85.118
16116	712	16.4
16116	713	165.0406667
16117	710	64.54612061
16117	711	87.31293618
16117	712	15.08426189
16117	713	150.9399375
16117	714	0
16117	715	0
16117	716	0
16119	710	80.76830275
16119	711	114.7081385
16119	712	16.12336371
16119	713	209.5843845
16119	715	0
16119	716	0
16120	715	0
16120	716	0.807142857
16121	710	5.777571429
16121	711	5.263428571
16121	712	1.567
16121	713	11.48871429
16122	710	30.80887245
16122	711	57.27670716
16122	712	8.536327432
16122	713	91.05264074
16123	710	0.7847
16123	711	0.388107143
16123	712	0.137948718
16123	713	1.18478
16123	714	0
16123	715	0.001933333
16123	716	0.0168
16125	710	0.1
16125	711	0
16125	712	0
16125	713	0.1
16126	710	12.30610463
16126	711	16.10409491
16126	712	2.745328605
16126	713	30.41491656
16126	714	0
16126	715	0
16126	716	0.1125
16127	710	9.485944444
16127	711	11.90605556
16127	712	1.68
16127	713	22.60755556
16127	715	0
16127	716	0
16128	710	29.58525
16128	711	51.03725
16128	712	3.44
16128	713	83.2025
16128	715	0
16128	716	0
16129	710	13.79692308
16129	711	18.42615385
16129	712	2.928823529
16129	713	34.77641026
16130	710	3.618
16130	711	4.469428571
16130	712	1.303428571
16130	713	9.390857143
16132	710	20.7162
16132	711	23.8316
16132	712	4.95
16132	713	48.5078
16132	715	0
16132	716	0
16139	714	0
16139	715	0.0006
16139	716	0.1155
16147	712	0.54924
16147	714	0
16147	715	0.00095
16147	716	0.0001
16150	710	1.3
16150	711	0.685
16150	712	0.075
16150	713	2.085
16150	715	0.0007
16150	716	0.0001
16158	710	0
16158	711	0.01
16158	712	0
16158	713	0.01
16158	715	0.0034
16158	716	0
16159	710	8.225
16159	711	12.45
16159	712	1.95
16159	713	22.625
16162	710	12.42075
16162	711	16.9465
16162	712	2.4
16162	713	29.96725
16168	710	3.4
16168	711	4.15
16168	712	0.25
16168	713	7.8
16173	710	4.35
16173	711	9.35
16173	712	0.9
16173	713	14.6
16174	710	13.115
16174	711	21.14
16174	712	1.385
16174	713	35.64
16174	715	0.0019
16174	716	0.0006
16229	710	1.009988392
16229	711	1.5125
16229	712	0.036636
16229	713	2.559124392
16230	710	0.295318243
16230	711	0.40625
16230	712	0
16230	713	0.701568243
16427	710	8.5557
16427	711	12.9902
16427	712	1.975
16427	713	22.7309
16427	714	0
16427	715	0
16427	716	0
16513	710	3.45
16513	711	7.9
16513	712	0.85
16513	713	12.2
16546	710	1.183
16546	711	2.45
16546	712	0.3
16546	713	3.933
16557	710	1.8
16557	711	2.2
16557	712	0.4
16557	713	4.4
18029	710	0
18029	711	0
18029	712	0
18029	713	0
18035	710	0.2
18035	711	0.15
18035	712	0
18035	713	0.3775
18035	715	0.0047
18035	716	0.0005
18037	710	0
18037	711	0
18037	712	0
18037	713	0
18037	715	0.0004
18037	716	0.0001
18060	710	0
18060	711	0
18060	712	0
18060	713	0
18060	715	0.0001
18060	716	0
18064	710	0
18064	711	0
18064	712	0
18064	713	0
18068	710	0.25
18068	711	0.23
18068	713	0.49
18069	710	0.064
18069	711	0.126
18069	712	0
18069	713	0.189
18069	715	0.0006
18069	716	0.0001
18075	710	0
18075	711	0
18075	712	0
18075	713	0
18075	715	0.0003
18075	716	0.0001
18079	710	0.4
18079	711	0.3
18079	712	0
18079	713	0.7
18081	710	0.2
18081	711	0.2
18081	712	0
18081	713	0.4
18101	710	0
18101	711	0
18101	712	0
18101	713	0
18101	715	0.0002
18101	716	0.0001
18127	710	0.125
18127	711	0.15
18127	712	0
18127	713	0.275
18128	710	0
18128	711	0
18128	712	0
18128	713	0
18133	710	0.1
18133	711	0.1
18133	712	0
18133	713	0.2
18150	710	0.01
18150	711	0.01
18150	713	0.03
18159	710	0
18159	711	0
18159	712	0
18159	713	0
18159	715	0.0006
18159	716	0.0008
18216	710	0.006
18216	711	0.0051
18216	713	0.0111
18216	714	0.001666667
18216	715	0.003466667
18216	716	0.005
18217	710	0
18217	711	0.01
18217	713	0.01
18248	710	2.58
18248	711	2.44
18248	712	0.291428571
18248	713	5.31
18248	715	0.0007
18248	716	0.0001
18249	710	1.9
18249	711	1.65
18249	712	0.2
18249	713	3.7
18250	710	0.5
18250	711	0.5
18250	712	0.1
18250	713	1.1
18255	710	0.3
18255	711	0.2
18255	712	0
18255	713	0.6
18290	710	0
18290	711	0
18290	712	0
18290	713	0
18290	715	0.0008
18290	716	0.0001
18301	710	0
18301	711	0
18301	712	0
18301	713	0
18326	710	0
18326	711	0
18326	712	0
18326	713	0
18326	715	0.0003
18326	716	0.0001
18342	710	0
18342	711	0
18342	712	0
18342	713	0
18356	710	0.7
18356	711	0.65
18356	712	0.1
18356	713	1.5
18364	710	0
18364	711	0
18364	713	0
18376	710	0
18376	711	0
18376	712	0
18376	713	0
19015	710	0.052
19015	711	0.078
19015	713	0.13
19015	714	0.0022
19015	715	0.0041
19015	716	0.005
19016	710	0
19016	711	0
19016	712	0
19016	713	0.01
19016	715	0.0004
19016	716	0
19033	710	0
19033	711	0
19033	712	0
19033	713	0
19042	710	0
19042	711	0
19042	712	0
19042	713	0
19056	710	0
19056	711	0
19056	713	0
19205	710	0
19205	711	0
19205	712	0
19205	713	0
19218	710	0
19218	711	0
19218	713	0
19314	710	0
19314	711	0
19314	713	0
19411	710	0
19411	711	0
19411	713	0
20005	710	0
20005	711	0.01
20005	713	0.01
20016	710	0.01
20016	711	0.01
20016	713	0.01
20020	710	0.01
20020	711	0.01
20020	713	0.02
20029	710	0.01
20029	711	0
20029	712	0
20029	713	0.01
20029	715	0.0003
20029	716	0.0001
20036	710	0.03
20036	711	0.035
20036	713	0.065
20037	710	0
20037	711	0
20037	713	0.01
20038	710	0
20038	711	0
20038	713	0
20044	710	0
20044	711	0
20044	713	0
20045	710	0
20045	711	0
20045	713	0.01
20047	710	0
20047	711	0
20047	712	0
20047	713	0
20047	715	0.0001
20047	716	0
20066	710	0.01
20066	711	0.02
20066	713	0.02
20077	710	0
20077	711	0
20077	713	0
20080	710	0
20080	711	0.01
20080	713	0.02
20081	710	0
20081	711	0
20081	713	0
20088	710	0
20088	711	0
20088	713	0
20095	710	0
20095	711	0.01
20095	713	0.01
20100	710	0
20100	711	0
20100	713	0
20109	710	0.01
20109	711	0.01
20109	713	0.02
20110	710	0
20110	711	0
20110	713	0.01
20120	710	0.01
20120	711	0.01
20120	713	0.01
20121	710	0
20121	711	0.01
20121	713	0.01
20124	710	0.005
20124	711	0.01
20124	713	0.015
20125	710	0
20125	711	0
20125	713	0
21322	710	4.4
21322	711	0.9
21322	712	0.7
21322	713	6
22116	710	1.35
22116	711	2
22116	712	0.4
22116	713	3.75
22122	710	2
22122	711	2.3
22122	712	0.3
22122	713	4.6
22126	710	1
22126	711	2.05
22126	712	0.3
22126	713	3.35
22518	710	0
22518	711	0
22518	712	0
22518	713	0
22720	710	1.9
22720	711	1.2
22720	712	0.2
22720	713	3.3
22903	710	0.01
22903	711	0.01
22903	712	0
22903	713	0.01
22903	715	0.0002
22903	716	0.0001
22904	710	1.25
22904	711	1.025
22904	712	0.15
22904	713	2.425
22910	710	0
22910	711	0
22910	712	0
22910	713	0
22910	715	0.0003
22910	716	0
22911	710	1
22911	711	1.1
22911	712	0.166666667
22911	713	2.2
22932	710	0.2
22932	711	0.3
22932	712	0
22932	713	0.6
23501	710	0.67
23501	711	1.09
23501	712	0.1
23501	713	1.86
23506	710	0.35
23506	711	0.77
23506	712	0.02
23506	713	1.14
23567	710	0
23567	711	0
23567	713	0
25013	710	0.1
25013	711	0
25013	712	0
25013	713	0.1
25017	710	1.8
25017	711	3.27
25017	713	5.07
25017	714	0
25017	715	0
25017	716	0.087
42178	710	5.5
42178	711	11.3
42178	713	16.8
42178	714	0
42237	710	0
42237	711	0
42237	713	0
42299	710	0
42299	711	0
42299	712	0
42299	713	0
43130	710	5.78
43130	711	6.43
43130	712	0.06
43130	713	12.27
43212	710	64.36666667
43212	711	45.76666667
43212	712	8.333333333
43212	713	118.5
43476	710	5.7
43476	711	9.4
43476	712	1.2
43476	713	16.3
43528	710	0.2
43528	711	0.35
43528	712	0
43528	713	0.6
97068	710	0
97068	711	0
97068	713	0
97069	710	0
97069	711	0
97069	713	0
97070	710	0
97070	711	0
97070	713	0
99001	710	0.008
99001	711	0.01
99001	713	0.018
99001	714	0
99001	715	0.0024
99001	716	0
99002	710	29.84042857
99002	711	39.996
99002	713	69.83642857
99003	710	0
99003	711	0
99003	712	0
99003	713	0
99008	710	0
99008	711	1.29
99008	713	1.29
99008	714	0
99008	715	0.21
99008	716	0
99009	710	0.035
99009	711	0.21
99009	713	0.245
99009	714	0.5955
99009	715	3.14995
99009	716	14.07885
99010	710	0.002
99010	711	0.002
99010	713	0.004
99010	714	0
99010	715	0.005
99010	716	0
99014	710	1.897
99014	711	2.8125
99014	713	4.7135
99018	710	40.0725
99018	711	62.175
99018	712	10.9
99018	713	109.5141667
99019	710	0
99019	711	0.64
99019	713	0.64
99019	714	1.26
99019	715	0
99019	716	6.13
99020	710	0.018
99020	711	0.029
99020	713	0.047
99020	714	0.0359
99020	715	0.0075
99020	716	0
99021	710	0
99021	711	0
99021	713	0
99026	710	0
99026	711	0.155
99026	713	0.155
99026	714	0
99026	715	0
99026	716	0.0656
99029	710	0
99029	711	0
99029	713	0
99030	710	29.08931034
99030	711	67.56684483
99030	712	13.09571429
99030	713	99.81718966
99034	710	12.18
99034	711	21.12
99034	712	2.3
99034	713	34.68
99035	710	37.4653
99035	711	91.2222
99035	712	14.2345
99035	713	131.5344
99036	710	21.74588889
99036	711	39.56688889
99036	712	1.124125
99036	713	62.312
99038	710	19.71375758
99038	711	17.79339394
99038	712	6.05
99038	713	38.24048485
99038	715	0
99038	716	0
99040	710	41.32322581
99040	711	55.09032258
99040	713	108.0812903
99040	714	0
99040	715	0
99040	716	0
99041	710	1.828571429
99041	711	2.114285714
99041	712	2.928571429
99041	713	6.871428571
99042	710	5.79325
99042	711	11.14375
99042	713	25.7192
99043	710	2.7514
99043	711	5.1
99043	713	7.8514
99044	710	0
99044	711	0
99044	713	0
99045	710	18.8
99045	711	21.683
99045	712	7.896
99045	713	44.431
99047	710	0
99047	711	0
99047	712	0
99047	713	0
99047	715	0.0001
99047	716	0.0001
99048	710	0
99048	711	0
99048	713	0
99049	710	0.9
99049	711	3.7
99049	712	3.9
99049	713	8.5
99052	710	0
99052	711	0
99052	713	0
99053	710	80.03142105
99053	711	101.3950526
99053	712	15.43277778
99053	713	196.047
99053	715	0
99053	716	0
99054	710	1.14
99054	711	2.6
99054	712	2.28
99054	713	6.02
99056	710	1.5
99056	711	0.8
99056	712	4.1
99056	713	6.4
99060	710	38.248
99060	711	52.80972727
99060	712	4.935125
99060	713	94.64690909
99063	710	0.14
99063	711	0.4
99063	713	0.54
99064	710	0.21
99064	711	0.33
99064	712	0.1
99064	713	0.565
99065	710	0.03
99065	711	0.31
99065	713	0.34
99070	710	0
99070	711	0
99070	712	0
99070	713	0
99070	715	0.0001
99070	716	0.0003
99072	710	26.71
99072	711	27.45
99072	713	54.16
99073	710	0
99073	711	0.01
99073	712	0
99073	713	0.01
99073	715	0.0006
99073	716	0.0001
99080	710	67.68567406
99080	711	89.41876457
99080	712	20.01687959
99080	713	172.5477457
99081	710	6.4
99081	711	19.6
99081	712	3
99081	713	29
99084	710	8
99084	711	12.75
99084	712	1.95
99084	713	22.7
99085	710	12.8
99085	711	16.15
99085	712	2.4
99085	713	31.35
99086	710	8.59
99086	711	20.65
99086	713	29.24
99092	710	45.95142857
99092	711	74.32557692
99092	712	9.010833333
99092	713	130.6518367
99092	714	0
99092	715	0
99092	716	0
99093	710	78.85968153
99093	711	89.31780255
99093	712	18.76393258
99093	713	178.8138854
99093	714	0
99093	715	0
99093	716	0
99096	710	17.80909091
99096	711	25.15454545
99096	712	2.685714286
99096	713	44.67272727
99097	710	15.58888889
99097	711	16.01111111
99097	712	2.766666667
99097	713	33.90555556
99100	710	61.69586667
99100	711	60.06866667
99100	712	7.0656
99100	713	128.8301333
99100	714	0
99100	715	0
99100	716	0
99105	710	0.217
99105	711	0.299
99105	712	0.051
99105	713	0.567
99106	710	0.011
99106	711	0.034
99106	713	0.045
99106	716	0.029
99107	710	0.005
99107	711	0.0175
99107	713	0.0225
99107	716	0.032
99111	710	0.4
99111	711	0.6
99111	712	0
99111	713	1
99337	710	0
99337	711	0
99337	713	0
99395	710	0
99395	711	0
99395	713	0
99423	710	0.01
99423	711	0.03
99423	712	0
99423	713	0.04
99423	715	0.0006
99423	716	0.0001
99457	714	0
99457	715	0
99457	716	0
99468	710	0.5
99468	711	0.5
99468	712	0.05
99468	713	1.05
99469	710	0
99469	711	0
99469	713	0
99470	710	0
99470	711	0
99470	713	0
99471	710	1.8
99471	711	4.4
99471	712	1.7
99471	713	7.9
99472	710	5.75
99472	711	8.7
99472	712	3.5
99472	713	17.95
99474	710	0.155
99474	711	0.31
99474	712	0
99474	713	0.47
99474	714	0
99474	715	0.94595
99474	716	0.0019
99475	710	0
99475	711	0
99475	712	0
99475	713	0
99476	710	0.45
99476	711	0.35
99476	712	0.05
99476	713	0.9
99477	710	0
99477	711	0
99477	713	0
99478	710	0
99478	711	0.01
99478	713	0.01
99479	710	0.01
99479	711	0.02
99479	713	0.03
99480	710	0
99480	711	0
99480	713	0
99481	710	0
99481	711	0
99481	713	0
99482	710	0
99482	711	0
99482	713	0
99483	710	0.01
99483	711	0.01
99483	713	0.02
99484	710	0
99484	711	0
99484	713	0
99485	710	1.4
99485	711	2.575
99485	712	0.275
99485	713	4.325
99486	710	0.287276
99486	711	0.297916667
99486	712	0.003333333
99486	713	0.586303778
99486	714	0
99486	715	0
99486	716	0.013333333
99488	710	53.37545455
99488	711	57.98318182
99488	712	11.70538462
99488	713	118.2754545
99488	714	0
99488	715	0
99488	716	0
99489	710	0
99489	711	0.01
99489	713	0.01
99490	710	0
99490	711	0
99490	713	0
99491	710	0.425
99491	711	0.375
99491	712	0.075
99491	713	0.825
99492	710	0.054
99492	711	0.07
99492	712	0
99492	713	0.122
99492	714	0
99492	715	0
99492	716	0
99493	710	0.04
99493	711	0.05
99493	713	0.09
99494	710	0.78
99494	711	0.725
99494	712	0.03
99494	713	1.515
99494	714	0
99494	715	0.01645
99494	716	0.036
99495	710	9.148
99495	711	8.418
99495	712	0.917692308
99495	713	18.0432
99496	710	0
99496	711	0
99496	713	0
99497	710	7.499166667
99497	711	5.464166667
99497	712	0.784166667
99497	713	13.74833333
99498	710	6.6
99498	711	3.1
99498	713	9.7
99499	710	5.5
99499	711	1
99499	713	6.5
99500	710	32.9
99500	711	39.9
99500	713	72.8
99501	710	0
99501	711	0
99501	712	0
99501	713	0
99502	710	0
99502	711	0
99502	712	0
99502	713	0
99502	715	0.0001
99502	716	0
99503	710	5.96
99503	711	4.035
99503	712	0.53
99503	713	10.255
99503	714	0
99503	715	0.00085
99503	716	0.15265
99504	710	3.5
99504	711	5.633333333
99504	712	0
99504	713	9.133333333
99505	710	0
99505	711	0
99505	713	0
99506	710	0.6
99506	711	1
99506	712	0.1
99506	713	1.7
99507	710	0
99507	711	0.1
99507	712	0
99507	713	0.1
99508	710	0.226666667
99508	711	0.21
99508	712	0
99508	713	0.47
99508	714	0
99508	715	0
99508	716	0
99509	710	1.3
99509	711	3.22
99509	713	4.52
99509	714	0.05
99509	715	0
99509	716	0.2425
99510	710	13.772
99510	711	16.594
99510	712	2.8
99510	713	33.166
99510	715	0.0015
99510	716	0.0005
99511	710	5.4
99511	711	10.3
99511	713	15.7
99511	714	0
99512	710	0
99512	711	0
99512	712	0
99512	713	0
99512	715	0.0002
99512	716	0.0001
99513	710	0
99513	711	0
99513	713	0
99514	710	0
99514	711	0
99514	712	0
99514	713	0
99514	715	0
99514	716	0
99515	710	0.736666667
99515	711	0.676666667
99515	712	0.1
99515	713	1.48
99515	714	0
99515	715	0
99515	716	0.0888
99516	710	0.16
99516	711	0.14
99516	713	0.3
99516	714	0
99516	715	0
99516	716	0.05
99517	710	0.285
99517	711	0.28
99517	712	0
99517	713	0.565
99518	710	0.09
99518	711	0.21
99518	712	0
99518	713	0.3
99518	715	0.0017
99518	716	0.0006
99519	710	0
99519	711	0
99519	712	0
99519	713	0
99519	715	0.0001
99519	716	0
99520	710	26.15
99520	711	25.15
99520	712	6.1
99520	713	52.825
99521	710	0
99521	711	0.01
99521	712	0
99521	713	0.01
99521	715	0.0003
99521	716	0
99522	710	0
99522	711	0
99522	713	0
99523	710	0.3
99523	711	0.23
99523	713	0.52
99524	710	0.11
99524	711	0.22
99524	713	0.34
99526	710	0
99526	711	0
99526	713	0
99527	710	0
99527	711	0
99527	713	0
99528	710	4.9
99528	711	5.9
99528	712	0.7
99528	713	11.5
99529	710	10.26285714
99529	711	10.82857143
99529	712	1.346
99529	713	22.05285714
99529	715	0.0009
99529	716	0.0007
99531	710	0.0075
99531	711	0.01
99531	713	0.0175
99532	710	0.02
99532	711	0.04
99532	713	0.055
99533	710	0.06
99533	711	0.14
99533	713	0.21
99533	714	0.05
99533	715	0.05
99533	716	0.05
99534	710	4.866666667
99534	711	9.133333333
99534	712	0.666666667
99534	713	14.66666667
99535	710	7.8
99535	711	8.8
99535	712	2.1
99535	713	18.7
99536	710	0
99536	711	0
99536	712	0
99536	713	0
99538	710	13.3
99538	711	13
99538	712	0.6
99538	713	26.9
99539	710	8.1
99539	711	8.4
99539	712	1.2
99539	713	17.7
99540	710	7.28
99540	711	8.22
99540	712	1.28
99540	713	16.79
99541	710	7.5
99541	711	5.6
99541	713	13.1
99542	710	0
99542	711	0
99542	713	0
99543	710	0.1
99543	711	0.1
99543	712	0
99543	713	0.2
99544	710	0.15
99544	711	0.25
99544	712	0
99544	713	0.45
99545	710	0
99545	711	0
99545	712	0
99545	713	0
99546	710	0
99546	711	0
99546	712	0
99546	713	0
99547	710	1.4
99547	711	1.1
99547	712	0.2
99547	713	2.7
99548	710	0
99548	711	0
99548	712	0
99548	713	0.1
99549	710	0.04
99549	711	0
99549	713	0.04
99549	714	0
99549	715	0
99549	716	0
99550	710	0.61
99550	711	0.58
99550	713	1.19
99551	710	0.01
99551	711	0.015
99551	713	0.02
99553	710	0.016666667
99553	711	0.01
99553	713	0.026666667
99554	710	0.15
99554	711	0.2
99554	712	0
99554	713	0.35
99555	710	2.6
99555	711	13.1
99555	712	0.2
99555	713	15.9
99556	710	0
99556	711	0
99556	712	0
99556	713	0
99557	710	3
99557	711	2.7
99557	712	0.3
99557	713	6
99559	710	2.8
99559	711	3.1
99559	713	5.9
99559	716	0
99560	710	27.975
99560	711	42.9125
99560	712	10.7625
99560	713	81.65
99561	710	0
99561	711	0
99561	713	0
99562	710	0
99562	711	0
99562	713	0
99563	710	1.1
99563	711	1.7
99563	712	0.1
99563	713	2.9
99564	710	7
99564	711	6.2
99564	712	0.9
99564	713	14
99565	710	11.8
99565	711	13.6
99565	712	1.2
99565	713	26.6
99566	710	0
99566	711	0
99566	713	0.01
99567	710	0
99567	711	0
99567	713	0
99568	710	40.85
99568	711	42.45
99568	713	83.3
99569	710	0.23
99569	711	0.24
99569	713	0.47
99571	710	11
99571	711	10
99571	713	21
99571	714	833
99571	715	1322
99572	710	4.835809141
99572	711	6.069876543
99572	712	0.931047726
99572	713	10.73110711
99573	710	0.75
99573	711	2.7
99573	712	0.3
99573	713	3.75
99574	710	39.87684211
99574	711	65.64421053
99574	712	17.12294118
99574	713	120.8415789
99575	710	45.44187
99575	711	39.77596591
99575	712	22.3725
99575	713	103.5619716
99576	710	61.32662045
99576	711	86.32604135
99576	712	13.33328084
99576	713	159.9757696
99576	714	0
99576	715	0
99576	716	0
16144	710	0
16144	711	0
16144	712	0
1124	710	0
1124	711	0
1124	712	0
1125	710	0.02
1125	711	0.01
1125	712	0
1123	712	0
