NDB_No	Nutr_No	Flav_Val (mg Per 100g)
1102	734	2.18
1102	735	0
1102	736	0
1102	737	0
1102	738	0
2003	734	0
2003	735	0
2003	736	0
2003	737	0
2003	738	0
2009	734	0
2009	735	0
2009	736	0
2009	737	0
2009	738	0
2010	734	256.29
2010	735	1252.2
2010	736	2608.63
2010	737	1458.32
2010	738	2508.78
2011	734	0
2011	735	0
2011	736	0
2011	737	0
2011	738	0
2015	734	9.5
2015	735	22.88
2015	736	41.78
2015	737	0
2015	738	0
2020	734	0
2020	735	0
2020	736	0
2020	737	0
2020	738	0
2021	734	0
2021	735	0
2021	736	0
2021	737	0
2021	738	0
2024	734	0
2024	735	0
2024	736	0
2024	737	0
2024	738	0
2026	734	0
2026	735	0
2026	736	0
2026	737	0
2026	738	0
2027	734	0
2027	735	0
2027	736	0
2027	737	0
2027	738	0
2028	734	0
2028	735	0
2028	736	0
2028	737	0
2028	738	0
2029	734	0
2029	735	0
2029	736	0
2029	737	0
2029	738	0
2030	734	0
2030	735	0
2030	736	0
2030	737	0
2030	738	0
2033	734	0
2033	735	0
2033	736	0
2033	737	0
2033	738	0
2043	734	0
2043	735	0
2043	736	0
2043	737	0
2043	738	0
3091	734	0
3091	735	0
3091	736	0
3091	737	0
3091	738	0
3104	734	0
3104	735	0
3104	736	0
3104	737	0
3104	738	0
3116	734	6.4
3116	735	3.6
3116	736	9.8
3116	737	6.1
3116	738	0
3121	734	0
3121	735	0
3121	736	0
3121	737	0
3121	738	0
3130	734	3.8
3130	735	2.8
3130	736	8.75
3130	737	5.75
3130	738	0
3132	734	2.65
3132	735	1.8
3132	736	5.7
3132	737	3.65
3132	738	0
3165	734	5.1
3165	735	2.8
3165	736	7.8
3165	737	5.2
3165	738	2.2
3166	734	0.19
3166	735	0.19
3166	736	0.47
3166	737	0.09
3166	738	0
3181	734	9.3
3181	735	4.5
3181	736	4.1
3181	737	0
3181	738	0
3225	734	2.7
3225	735	1.7
3225	736	5.2
3225	737	2.9
3225	738	0
9003	734	13.23
9003	735	8.04
9003	736	24.68
9003	737	19.21
9003	738	28.8
9004	734	12.28
9004	735	6.48
9004	736	22.75
9004	737	18.92
9004	738	25.57
9016	734	4.4
9016	735	2.7
9016	736	13.31
9016	737	0.06
9016	738	0
9021	734	9.37
9021	735	12.41
9021	736	4.9
9021	737	2.2
9021	738	0.8
9037	734	1.18
9037	735	1.12
9037	736	3.35
9037	737	0.52
9037	738	0
9040	734	0.38
9040	735	0.42
9040	736	1.86
9040	737	0
9040	738	0
9042	734	4.45
9042	735	2.11
9042	736	7.27
9042	737	4.24
9042	738	1.51
9050	734	6.44
9050	735	4.91
9050	736	20.52
9050	737	14.32
9050	738	136.04
9052	734	4.83
9052	735	1.96
9052	736	3.53
9052	737	0.28
9054	734	6.07
9054	735	5.37
9054	736	18.7
9054	737	3.85
9070	734	3.45
9070	735	2.71
9070	736	6.65
9070	737	1.82
9070	738	0
9078	734	17.71
9078	735	16.35
9078	736	56.84
9078	737	46.21
9078	738	217.64
9079	734	7.7
9081	734	4.43
9083	734	2.91
9083	735	2.19
9083	736	7.75
9083	737	7.21
9083	738	135.08
9086	734	14.2
9086	735	4.49
9087	734	1.84
9087	735	3.02
9087	736	5.88
9087	737	0
9087	738	0
9088	734	10.62
9088	735	5.63
9088	736	10.8
9088	737	0
9088	738	0
9089	734	0.01
9089	735	0
9089	736	0
9089	737	0
9089	738	0
9107	734	1.72
9107	735	1.45
9107	736	4.76
9107	737	4.74
9107	738	68.88
9112	734	0
9112	735	0
9112	736	0
9112	737	0
9112	738	0
9124	734	0
9135	734	3.18
9135	735	1.19
9135	736	7.49
9135	737	6.46
9135	738	28.37
9148	734	0.63
9148	735	0.51
9148	736	1.25
9148	737	0.17
9148	738	0
9159	734	0
9159	735	0
9159	736	0
9159	737	0
9159	738	0
9176	734	1.8
9176	735	1.4
9176	736	7.2
9176	737	0
9176	738	0
9181	734	0
9181	735	0
9181	736	0
9181	737	0
9181	738	0
9184	734	0
9184	735	0
9184	736	0
9184	737	0
9184	738	0
9191	734	4.08
9191	735	1.78
9191	736	5.67
9191	737	3.3
9191	738	7.53
9200	734	0
9200	735	0
9200	736	0
9200	737	0
9200	738	0
9202	734	0
9202	735	0
9202	736	0
9202	737	0
9202	738	0
9209	734	0
9209	735	0
9209	736	0
9209	737	0
9209	738	0
9218	734	0
9218	735	0
9218	736	0
9218	737	0
9218	738	0
9236	734	9.86
9236	735	4.29
9236	736	16.51
9236	737	10.07
9236	738	21.07
9241	734	1.24
9241	735	1.22
9241	736	1.27
9241	737	0.09
9241	738	0
9252	734	2.03
9252	735	1.54
9252	736	5.96
9252	737	4.69
9252	738	18.46
9266	734	0
9266	735	0
9266	736	0
9266	737	0
9266	738	0
9279	734	33.24
9279	735	20.65
9279	736	52.24
9279	737	30.26
9279	738	60.52
9286	734	0.29
9286	735	0
9291	734	0
9291	735	0
9291	736	0
9291	737	0
9291	738	0
9296	734	2.61
9296	735	1.22
9298	734	0
9298	735	0
9298	736	0
9298	737	0
9298	738	0
9302	734	11.78
9302	735	5.05
9302	736	8.99
9302	737	1.13
9302	738	0
9307	734	1.7
9307	735	1.8
9307	736	3.4
9307	737	1.9
9307	738	79
9316	734	5.21
9316	735	5.66
9316	736	23.32
9316	737	16.86
9316	738	54.18
9326	734	0
9326	735	0
9326	736	0
9326	737	0
9326	738	0
9370	734	0.83
9370	735	0.17
9370	736	0.12
9370	737	0.01
9370	738	0
9413	734	2.81
9413	735	2.29
9413	736	6.47
9413	737	4.57
9413	738	13.11
9430	734	0
9430	735	0
9430	736	0
9430	737	0
9430	738	0
9442	735	0
9500	734	12.64
9500	735	11.75
9500	736	32.77
9500	737	23.11
9500	738	36.75
9501	734	7.36
9501	735	4.73
9501	736	21.77
9501	737	18.75
9501	738	26.46
9502	734	12.9
9502	735	8.59
9502	736	30.78
9502	737	25.92
9502	738	38.77
9503	734	9.55
9503	735	6.24
9503	736	21.28
9503	737	18.73
9503	738	30.68
9504	734	9.92
9504	735	6.09
9504	736	19.09
9504	737	13.81
9504	738	14.22
11008	734	0
11008	735	0
11008	736	0
11008	737	0
11008	738	0
11012	734	0
11012	735	0
11012	736	0
11012	737	0
11012	738	0
11052	734	0
11052	735	0
11080	734	0
11080	735	0
11080	736	0
11080	737	0
11080	738	0
11088	734	91.81
11088	735	21.73
11090	734	0
11090	735	0
11090	736	0
11090	737	0
11090	738	0
11091	734	0
11091	735	0
11091	736	0
11091	737	0
11091	738	0
11096	734	0
11096	735	0
11096	736	0
11096	737	0
11096	738	0
11097	734	0
11097	735	0
11097	736	0
11097	737	0
11097	738	0
11109	734	0
11109	735	0
11109	736	0
11109	737	0
11109	738	0
11110	734	0
11110	735	0
11110	736	0
11110	737	0
11110	738	0
11112	734	0
11112	735	0
11112	736	0
11112	737	0
11112	738	0
11113	734	0
11113	735	0
11113	736	0
11113	737	0
11113	738	0
11116	734	0
11116	735	0
11116	736	0
11116	737	0
11116	738	0
11124	734	0
11124	735	0
11124	736	0
11124	737	0
11124	738	0
11125	734	0
11125	735	0
11125	736	0
11125	737	0
11125	738	0
11135	734	0
11135	735	0
11135	736	0
11135	737	0
11135	738	0
11141	734	0
11141	735	0
11141	736	0
11141	737	0
11141	738	0
11143	734	0
11143	735	0
11143	736	0
11143	737	0
11143	738	0
11167	734	0
11167	735	0
11167	736	0
11167	737	0
11167	738	0
11205	734	0
11205	735	0
11205	736	0
11205	737	0
11205	738	0
11206	734	0
11206	735	0
11206	736	0
11206	737	0
11206	738	0
11209	734	0
11209	735	0
11209	736	0
11209	737	0
11209	738	0
11215	734	0
11215	735	0
11215	736	0
11215	737	0
11215	738	0
11226	734	0
11226	735	0
11226	736	0
11226	737	0
11226	738	0
11248	734	1.86
11248	735	0
11248	736	0.09
11251	734	0
11251	735	0
11251	736	0
11251	737	0
11251	738	0
11252	734	0
11252	735	0
11252	736	0
11252	737	0
11252	738	0
11253	734	0
11253	735	0
11253	736	0
11253	737	0
11253	738	0
11257	734	0
11257	735	0
11257	736	0
11257	737	0
11257	738	0
11282	734	0
11282	735	0
11282	736	0
11282	737	0
11282	738	0
11283	734	0
11283	735	0
11283	736	0
11283	737	0
11283	738	0
11294	734	0
11294	735	0
11294	736	0
11294	737	0
11294	738	0
11298	734	0
11298	735	0
11298	736	0
11298	737	0
11298	738	0
11304	734	0
11304	735	0
11333	734	0
11333	735	0
11333	736	0
11333	737	0
11333	738	0
11334	734	0
11334	735	0
11334	736	0
11334	737	0
11334	738	0
11353	734	0
11353	735	0
11353	736	0
11353	737	0
11353	738	0
11354	734	0
11354	735	0
11354	736	0
11354	737	0
11354	738	0
11355	734	0
11355	735	0
11355	736	0
11355	737	0
11355	738	0
11356	734	0
11356	735	0
11356	736	0
11356	737	0
11356	738	0
11357	734	0
11357	735	0
11357	736	0
11357	737	0
11357	738	0
11358	734	0
11358	735	0
11358	736	0
11358	737	0
11358	738	0
11365	734	0
11365	735	0
11365	736	0
11365	737	0
11365	738	0
11367	734	0
11367	735	0
11367	736	0
11367	737	0
11367	738	0
11429	734	0
11429	735	0
11429	736	0
11429	737	0
11429	738	0
11435	734	0
11435	735	0
11435	736	0
11435	737	0
11435	738	0
11457	734	0
11457	735	0
11457	736	0
11457	737	0
11457	738	0
11463	734	0
11463	735	0
11463	736	0
11463	737	0
11463	738	0
11477	734	0
11477	735	0
11477	736	0
11477	737	0
11477	738	0
11507	734	0
11507	735	0
11507	736	0
11507	737	0
11507	738	0
11508	734	0
11508	735	0
11508	736	0
11508	737	0
11508	738	0
11510	734	0
11510	735	0
11510	736	0
11510	737	0
11510	738	0
11529	734	0
11529	735	0
11529	736	0
11529	737	0
11529	738	0
11530	734	0
11530	735	0
11530	736	0
11530	737	0
11530	738	0
11564	734	0
11564	735	0
11564	736	0
11564	737	0
11564	738	0
11821	734	0
11821	735	0
11821	736	0
11821	737	0
11821	738	0
11823	734	0
11823	735	0
11823	736	0
11823	737	0
11823	738	0
11953	734	0
11953	735	0
11960	734	0
11960	735	0
11960	736	0
11960	737	0
11960	738	0
12061	734	9.26
12061	735	7.63
12061	736	27.42
12061	737	28.16
12061	738	80.26
12078	734	0
12078	735	0
12078	736	0
12078	737	0
12078	738	0
12087	734	2.02
12087	735	0
12087	736	0
12087	737	0
12087	738	0
12099	734	0.01
12099	735	0.02
12120	734	12.51
12120	735	13.56
12120	736	67.72
12120	737	74.6
12120	738	322.44
12132	734	0
12132	735	0
12132	736	0
12132	737	0
12132	738	0
12142	734	42.13
12142	735	26.03
12142	736	101.43
12142	737	84.23
12142	738	223.01
12147	734	0
12147	735	0
12147	736	0
12147	737	0
12147	738	0
12151	734	13.26
12151	735	10.51
12151	736	42.24
12151	737	37.93
12151	738	122.46
12155	734	5.65
12155	735	7.19
12155	736	22.05
12155	737	5.41
12155	738	20.02
14003	734	0.82
14003	735	0.16
14003	736	0.34
14003	737	0
14003	738	0
14096	734	12.3
14096	735	2.43
14096	736	2.51
14096	737	3.77
14096	738	8.6
14097	734	15.16
14097	735	2.64
14099	734	18.33
14100	734	11.41
14106	734	0.28
14106	735	0.07
14106	736	0.04
14108	734	10.97
14209	734	0
14209	735	0
14209	736	0
14209	737	0
14209	738	0
14242	734	2.04
14242	735	1.59
14242	736	4.58
14242	737	3.84
14242	738	8.33
14278	734	2.6
14278	735	0.7
14278	736	0.95
14278	737	0
14278	738	0
14317	734	20.6
14317	735	8.77
14317	736	12.1
14317	737	0.77
14355	734	2.98
14355	735	0.37
14355	736	0.35
14355	737	0
14355	738	0
14431	734	2.23
14602	734	14.69
16001	734	19.4
16001	735	18.1
16001	736	80
16001	737	75.7
16001	738	252.9
16014	734	5.2
16014	735	0
16014	736	0
16014	737	0
16014	738	0
16032	734	26.4
16032	735	29.1
16032	736	117.7
16032	737	105.3
16032	738	263.4
16037	734	0
16037	735	0
16037	736	0
16037	737	0
16037	738	0
16042	734	19.22
16042	735	16.18
16042	736	125.9
16042	737	135.62
16042	738	459.63
16043	734	4.4
16043	735	3.91
16043	736	10.52
16043	737	4.32
16043	738	1.41
16049	734	0.03
16049	735	0
16052	734	0
16052	735	0
16052	736	0
16052	737	0
16052	738	0
16056	734	0
16056	735	0
16062	734	18.92
16062	735	21.58
16062	736	47.9
16062	737	9.81
16062	738	32.66
16069	734	1.2
16069	735	0.11
16069	736	0.03
16085	734	0
16085	735	0
16085	736	0
16085	737	0
16085	738	0
16087	734	33.2
16087	735	48.8
16087	736	48.1
16087	737	0
16087	738	0
16089	734	4.07
16089	735	3.67
16089	736	2.77
16089	737	0
16089	738	0
16098	734	3
16098	735	8.14
16098	736	0
16098	737	0
16098	738	0
16108	734	0
16108	735	0
16108	736	0
16108	737	0
16108	738	0
19078	734	162.84
19078	735	123.63
19078	736	358.4
19078	737	240.22
19078	738	562.75
19081	734	2.56
19081	735	1.38
19120	734	22.82
19120	735	16.04
19120	736	51.09
19120	737	29.83
19120	738	55.53
19165	734	277.13
19165	735	195.73
19165	736	419.05
19165	737	925.18
19165	738	2435.11
19166	734	96.47
19166	735	29.24
19166	736	39.82
19166	737	365.53
19166	738	720.35
19905	734	61.04
19905	735	39.11
19905	736	159.73
19905	737	93.01
19905	738	316.24
20004	734	33.64
20004	735	30.56
20004	736	27.2
20004	737	0
20004	738	0
20008	734	5.79
20008	735	1.59
20011	734	46.51
20031	734	0
20031	735	0
20031	736	0
20031	737	0
20031	738	0
20033	734	0
20033	735	0
20033	736	0
20033	737	0
20033	738	0
20036	734	0
20036	735	0
20036	736	0
20036	737	0
20038	734	0
20038	735	0
20038	736	0
20038	737	0
20038	738	0
20044	734	0
20044	735	0
20044	736	0
20044	737	0
20044	738	0
20064	734	0
20064	735	0
20064	736	0
20064	737	0
20064	738	0
20067	734	36.06
20067	735	46.21
20067	736	228.13
20067	737	293.78
20067	738	1346.28
20077	734	0
20077	735	0
20077	736	0
20077	737	0
20077	738	0
20080	734	0
20080	735	0
20080	736	0
20080	737	0
20080	738	0
20088	734	2.14
20088	735	3.29
20088	736	5.32
20130	734	15.77
20130	735	22.02
20130	736	5.3
20130	737	0
20130	738	0
35130	734	0
35130	735	0
35130	736	0
35130	737	0
35130	738	0
35131	734	0
35131	735	0
35131	736	0
35131	737	0
35131	738	0
35132	734	0
35132	735	0
35132	736	0
35132	737	0
35132	738	0
35138	734	1.98
35138	735	1.49
35138	736	4.62
35138	737	3.19
35138	738	3.5
35192	734	0
35192	735	0
35192	736	0
35192	737	0
35192	738	0
35193	734	0
35193	735	0
35193	736	0
35193	737	0
35193	738	0
35194	734	0
35194	735	0
35194	736	0
35194	737	0
35194	738	0
43007	734	0
43007	735	0
43007	736	0
43007	737	0
43007	738	0
43201	734	0
43201	735	0
43408	734	0.09
43408	735	0.09
43408	736	0
43408	737	0
43408	738	0
44074	734	0.19
44074	735	0.19
44074	736	0.37
44074	737	0
44074	738	0
97002	734	4.56
97003	734	360.88
97003	735	44.07
97003	736	664
97003	737	400.3
97003	738	1100.1
97004	734	35.31
97004	735	7.32
97005	734	1.3
97005	735	0.63
97007	734	6.6
97007	735	3.69
97011	734	3.4
97011	735	2.4
97011	736	2.2
97011	737	0
97011	738	0
97014	734	84.1
97014	735	51.53
97016	734	0
97016	735	0
97017	734	0
97017	735	0
97017	736	0
97017	737	0
97017	738	0
97018	734	8.9
97018	735	5.1
97018	736	17.8
97018	737	12.3
97018	738	14.8
97020	734	7.3
97020	735	4.3
97020	736	14.9
97020	737	10.6
97020	738	14
97021	734	3.4
97021	735	2.3
97021	736	7.6
97021	737	4.6
97021	738	0
97022	734	2.5
97022	735	1.9
97022	736	8.1
97022	737	7.1
97022	738	4.4
97023	734	4
97023	735	2.7
97023	736	10.3
97023	737	7.4
97023	738	7.3
97024	734	1
97024	735	0.9
97024	736	3.8
97024	737	3.3
97024	738	2.8
97025	734	1.8
97025	735	1.3
97025	736	5.3
97025	737	4.4
97025	738	4.4
97030	734	95.56
97030	735	123.72
97030	736	650.32
97030	737	784.19
97030	738	2927.64
97031	734	43.49
97034	734	831.29
97034	735	785.7
97034	736	2690.78
97034	737	2224.21
97034	738	1568.49
97041	734	0
97041	735	0
97046	734	27.71
97049	734	11.93
97054	734	23.45
97063	734	13.25
97063	735	14.17
97063	736	84.61
97063	737	127.39
97063	738	1131.24
97068	734	8.92
97068	735	5.79
97068	736	21.16
97068	737	17.54
97068	738	22.4
97071	734	14.8
97071	735	7.18
97071	736	24.33
97071	737	20.31
97071	738	28.75
97074	734	2.37
97074	735	1.08
97074	736	5.39
97074	737	4.98
97074	738	36.41
97075	734	2.73
97075	735	2.03
97075	736	5.99
97075	737	5.36
97075	738	24.16
97077	734	19.74
97077	735	18.84
97077	736	57.33
97077	737	38.04
97077	738	104.96
97081	734	0
97081	735	0
97085	734	8.45
97085	735	6.56
97085	736	25.99
97085	737	29.31
97085	738	255.09
97088	734	0.44
97088	735	0.04
97089	734	0
97089	735	0
97089	736	0
97089	737	0
97089	738	0
99002	734	29.38
99007	734	0.35
99007	735	0.13
99007	736	0.38
99007	737	0
99007	738	3.5
99012	734	7.82
99012	735	6.75
99012	736	23.02
99012	737	26.5
99012	738	1265.98
99021	734	56.2
99021	735	51.62
99021	736	79.72
99021	737	33.93
99021	738	103.58
99037	734	5.1
99037	735	3.6
99037	736	11
99037	737	0
99037	738	24
99043	734	2.6
99044	734	2.11
99044	735	0.77
99044	736	5.54
99044	737	3.95
99044	738	32.6
99047	734	1.91
99047	735	1.28
99047	736	7.4
99047	737	7.32
99047	738	50.95
99050	734	0.24
99050	735	0
99055	734	0
99055	735	0
99055	736	0
99055	737	0
99055	738	0
99064	734	1.3
99064	735	0.48
99064	736	0
99064	737	0
99064	738	0
99065	734	0.55
99065	735	0.51
99065	736	0.55
99065	737	0.58
99065	738	0.15
99083	734	0.29
99083	735	0.11
99083	736	0.19
99083	737	0
99083	738	0
99110	735	0.15
99326	734	19.8
99326	735	18.6
99326	736	33.3
99326	737	0
99326	738	0.92
99335	734	2.8
99335	735	2.65
99335	736	5.75
99335	737	3.15
99335	738	281
99337	734	5.9
99337	735	6
99337	736	7.3
99337	737	0
99337	738	0
99339	734	35.9
99339	735	21.2
99339	736	32.5
99339	737	23.1
99339	738	57.7
99357	734	6.23
99357	735	8.9
99357	736	14.8
99357	737	7.33
99357	738	53.25
99399	734	1.74
99399	735	8
99403	734	1.9
99403	735	1
99403	736	0.47
99403	737	0
99403	738	0
99436	734	4.51
99436	735	0.82
99439	734	0.86
99439	735	0.01
99460	734	0
99460	735	0
99460	736	0
99460	737	0
99460	738	0
99616	734	20.2
99616	735	21.7
99616	736	46.1
99616	737	21
99616	738	44.6
99664	734	25.55
99664	735	24.32
99667	734	4.68
99667	735	2.63
99667	736	5.23
99667	737	1.11
99668	734	33.9
99668	735	14.2
99668	736	26.5
99668	737	7.6
99668	738	0
99671	734	0
99672	734	2.81
99672	735	0
99672	736	0
99672	737	0
99672	738	0
99673	734	0
99673	735	0
99673	736	0
99673	737	0
99673	738	0
99674	734	0
99674	735	0
99674	736	0
99674	737	0
99674	738	0
99675	734	24.2
99675	735	9.2
99675	736	77.7
99675	737	12.9
99675	738	404
99681	734	0
99681	735	0
99681	736	0
99681	737	0
99681	738	0
99682	734	3.37
99682	735	3.22
99682	736	22.89
99682	737	20.14
99682	738	37.41
99683	734	1.2
99683	735	1.73
99683	736	0
99684	734	1.19
99684	735	0
99684	736	0
99685	734	2.5
99685	735	5.2
99685	736	15.9
99685	737	6.92
